3.667511
1.003015
3.056631
3.203337
4.852838
0.440175
0.816607
2.924016
0.650836
1.614738
1.297867
1.982411
0.907582
1.440629
6.082703
4.958527
2.019620
2.526716
0.305376
1.867733
0.032870
0.556485
0.295218
3.261086
0.340815
1.024802
0.278042
0.230393
13.669973
0.492458
1.438705
3.654097
1.896801
0.702044
2.029750
1.485882
1.360790
7.207241
0.692083
2.951193
1.496242
2.938603
1.022413
4.442553
0.666237
0.869144
3.297652
5.027266
0.144615
5.964727
1.493076
0.179972
0.426916
2.176692
4.418783
0.858162
0.132646
0.040452
1.223878
0.130349
0.544352
7.055844
4.649827
3.806542
0.620307
1.552016
0.940670
2.856307
1.437075
2.203577
1.516893
0.080145
1.151218
5.371650
5.341792
2.552745
0.668970
2.682904
2.043185
0.874062
2.328616
0.362982
1.160010
4.241781
3.534537
0.801962
0.520051
4.476826
0.862674
2.320996
6.268530
1.776574
2.141823
3.913405
1.158066
5.153249
1.016447
3.372280
2.305410
4.837609
1.317455
0.486246
6.001585
5.054666
0.319540
4.258309
2.049315
1.131104
1.933045
0.659953
3.083578
0.734772
1.184916
0.512642
0.415360
0.646576
1.625861
1.077426
0.371713
4.746100
0.217781
0.269522
1.368153
2.858197
8.366570
5.466859
2.306845
0.966383
2.770757
0.919833
0.696734
0.528612
1.756490
0.560520
0.330669
2.634645
0.268149
3.154623
0.358497
2.733543
0.154907
5.995630
0.107918
1.474463
0.387681
0.549038
3.196977
2.638426
2.137507
6.847201
2.040296
2.852024
0.196285
0.289826
1.468814
0.162924
0.144940
0.457959
1.237640
3.426014
1.703435
2.817741
0.106672
0.343492
23.909408
0.457138
4.413744
0.268134
12.237686
0.111147
4.088765
0.150156
0.008341
5.129696
1.802273
0.397810
0.356177
0.994142
4.884308
3.426213
0.889749
1.608091
1.732289
1.205063
2.325581
0.209921
1.513486
2.831808
0.725660
9.714574
1.720630
4.201147
2.755139
1.982621
0.072127
2.755088
3.582382
5.190601
4.131414
3.556157
7.768245
2.723681
4.673656
8.220428
2.198507
1.375358
0.358177
3.544053
4.395527
0.160241
2.097971
0.570155
1.985694
0.520489
2.412083
0.762132
0.797308
0.526442
0.154110
2.005180
0.506320
2.106124
1.429502
7.113297
0.657125
1.579787
2.540714
0.240453
1.275362
1.795625
5.776200
1.199013
0.820004
3.763602
1.140137
0.006473
0.846066
1.825002
3.582439
0.532863
2.250791
1.319232
1.315312
0.727559
2.490196
0.403145
1.944785
0.083445
1.068815
2.381349
2.241326
2.030235
0.852711
0.408208
1.878637
1.973200
2.624077
0.796109
2.697523
0.451827
5.074448
2.308820
2.117612
0.594833
1.520459
0.183449
0.603554
4.197394
2.317520
0.196859
0.235936
0.897583
1.719303
1.798924
2.196564
0.681541
2.990141
0.680421
0.799887
0.420827
8.316257
0.007170
3.513454
0.805375
0.417005
1.147165
6.370735
5.024894
2.895246
2.401791
0.258267
2.315361
0.968471
2.976862
5.731208
4.960385
3.959802
0.455177
3.156429
1.588332
0.705618
4.706336
4.807973
4.142613
1.378884
1.716985
0.355281
0.640166
3.998733
1.356118
1.245982
3.780185
1.370268
0.687950
0.397930
2.305156
2.600602
0.299457
1.848186
1.356209
3.641968
2.576536
0.392535
0.501969
1.380405
0.258530
0.297553
0.893958
0.785513
5.373418
4.782497
1.946227
3.625898
3.408900
1.370653
0.815851
1.002831
2.150756
1.877496
0.599256
0.327934
0.150622
0.228238
2.083750
0.903851
0.680112
0.805096
0.191147
1.114883
5.451247
1.752075
0.617025
2.150260
2.869103
1.336624
0.342222
4.291788
1.965210
1.458439
0.465993
1.630904
1.110947
3.543197
1.003033
0.560293
0.789090
2.613932
2.035839
8.378800
0.825713
4.556961
0.292538
1.057938
0.010846
3.058317
2.977861
0.695368
0.243585
4.012900
2.553128
0.100824
1.192423
8.605265
2.461380
0.473681
1.284505
4.007647
0.197254
0.209742
0.965435
0.718394
2.140749
3.311962
0.282441
0.105764
0.109804
1.223929
3.036165
2.355807
1.168802
0.253648
1.781425
1.728511
1.509616
1.807960
0.898573
0.725632
4.391471
1.294760
0.372226
1.881828
1.492029
1.929520
1.813652
0.532249
3.541660
0.145335
0.208139
5.146894
0.371815
1.314531
0.511052
3.506263
0.687316
0.883822
4.212026
0.843954
3.373812
2.152602
0.074007
0.595381
3.012475
1.966807
3.617043
0.736791
0.499513
0.441345
1.895780
0.232467
2.245432
3.048928
2.542091
0.447168
1.025614
0.758595
1.138353
0.525318
0.974701
1.522193
0.336184
1.621150
0.029373
0.956764
0.963075
0.728861
2.674306
0.603413
2.097696
1.607337
5.041256
2.316638
3.319204
2.393652
0.747789
2.076290
0.012046
1.522680
3.714640
1.927010
2.058317
1.461760
1.024016
0.899318
2.537856
3.237933
2.265242
0.331816
0.066892
0.131341
2.314953
0.415565
1.929693
2.409954
1.677878
0.002252
0.011451
0.728374
0.606459
2.130557
3.897602
0.399736
0.835140
2.201272
4.224085
2.118619
0.751510
4.325893
0.412240
0.341907
1.400186
3.531684
2.251889
4.690360
0.424189
1.003472
2.448805
4.063956
1.585480
2.686159
5.390799
0.530847
5.223003
1.603439
5.418703
1.364046
1.608463
5.598002
3.215336
3.365510
1.805255
2.141221
10.720363
5.493117
0.784727
4.147864
1.779087
2.030957
2.848604
2.987060
3.168614
0.609750
1.854596
1.271887
0.365334
3.174281
4.006228
4.127472
2.183756
1.063699
1.893401
1.817136
2.074666
1.546791
0.321140
1.730347
0.067038
2.414024
1.460248
3.574847
1.447415
0.239027
1.345944
1.428125
0.099431
3.367799
0.971155
2.030325
1.203407
0.310928
1.065726
0.567467
1.044335
0.035222
2.528839
1.705323
3.352727
1.747815
1.183864
1.297730
10.663685
0.121036
0.154325
2.047564
1.819026
0.503607
0.496379
1.989819
5.141262
2.678352
1.242964
1.154507
3.802075
6.100894
5.948365
4.586976
2.913551
0.811638
1.538944
0.494709
1.298457
5.984290
1.255350
4.313817
6.839350
0.406107
1.225122
3.030292
2.908698
4.703162
0.595695
2.867715
6.621146
0.806473
1.029596
1.645530
1.616883
1.946604
0.423981
1.300026
0.892903
2.121939
4.966361
0.473196
1.865563
4.011394
0.232568
0.935391
0.443795
2.079858
1.796371
2.257446
1.814367
0.121328
1.645928
1.658472
0.555796
0.038184
0.842705
0.018230
5.145962
1.839728
2.945325
4.364225
5.414277
0.380058
1.188348
1.337771
3.171748
2.037806
6.744146
0.337634
0.693136
4.277606
0.911501
4.593828
2.753780
1.291785
0.637622
5.861406
0.260960
4.015046
1.952052
2.536428
5.168292
0.406844
0.663362
0.365840
0.453743
1.967668
0.387749
0.270882
0.516381
5.872086
0.027927
0.350671
0.255642
1.239228
2.091348
4.935405
0.212626
1.905011
0.146340
1.000913
1.372069
1.147477
0.693951
0.559610
4.869733
1.670180
0.423194
0.070667
1.130717
3.362982
2.799835
0.881303
12.399336
0.072636
1.482778
0.448656
2.168186
2.406527
0.793852
4.402648
2.080942
0.835528
0.102940
2.910870
3.252458
2.399384
2.290916
4.690717
0.750666
2.792517
0.707454
3.314849
0.419131
1.788621
0.109841
0.213955
0.342229
0.559821
0.292760
1.778901
0.119611
4.406442
5.819169
0.115305
5.186400
1.266175
0.594035
1.768670
0.369859
1.756955
1.293881
3.380743
5.209207
1.495302
1.745745
2.614210
0.510392
0.613517
2.007977
1.545140
0.033582
5.362370
0.854029
0.460624
1.478921
1.024938
0.733936
2.278267
2.072030
1.171597
0.626745
2.429301
0.809607
0.482931
2.847647
0.597113
2.301332
0.032620
3.730246
3.826650
1.836398
0.775675
2.205001
1.496602
3.767751
0.575925
0.592041
0.152112
1.444667
4.411148
1.890466
1.514445
3.444438
6.386264
2.669279
0.843065
0.892394
0.089818
0.048305
0.010178
1.335950
0.693126
2.463801
3.431222
1.416154
1.260235
0.162980
0.423872
1.321935
5.137814
0.088729
0.176375
0.561700
2.485115
1.889592
0.194913
6.517583
4.041878
0.363269
1.292326
2.831708
3.005701
0.014009
1.728405
2.667115
2.723025
5.116814
0.202746
3.098967
5.853727
0.214013
0.642882
0.547087
3.318757
0.199735
2.746601
0.649283
0.380628
5.552033
2.861429
0.203360
7.938096
3.732186
0.835702
2.358323
1.219503
1.139730
2.122799
0.783075
1.835044
0.278469
0.169515
0.949621
0.294579
2.156900
0.243113
4.251946
1.746700
0.473631
2.207203
1.505305
0.748932
5.737216
2.923809
0.260414
0.078032
1.446949
1.019319
0.475412
1.205333
0.349092
0.737052
1.137469
0.010899
2.098425
0.269858
1.239604
0.175881
3.030534
3.082926
2.308314
4.820931
4.037782
0.129448
0.096664
1.497637
0.389921
5.258453
0.232000
0.982033
1.813628
2.034485
2.410211
1.550509
1.043824
3.456734
1.723976
5.090613
0.501353
3.114106
0.937452
0.962170
0.205152
3.300095
0.979833
2.750923
5.441698
3.784552
3.561185
2.506548
2.016834
1.451913
1.959836
1.395923
1.729354
2.228513
0.059839
2.820727
1.831115
0.299323
0.310833
0.436058
3.004850
3.719407
2.658402
0.406744
2.197467
0.750812
0.223151
4.386257
0.215690
1.306996
0.630300
0.445597
0.678614
2.143803
5.874963
0.501846
1.414146
3.014329
5.508687
0.306579
0.697984
1.646545
2.068572
4.133664
0.530141
2.241692
1.985044
3.574197
3.353260
2.968264
0.057730
1.785183
1.922483
2.885847
2.978271
0.668958
0.159718
4.240672
0.379229
0.394432
0.891905
1.170533
0.951916
2.085536
0.212245
0.788194
4.071841
1.870949
0.220019
3.277620
2.770341
1.017574
0.913926
1.002539
0.635429
1.830805
0.141349
4.636385
1.131969
4.261161
2.246935
1.234787
1.275950
0.691842
0.508277
0.564915
1.719448
0.716692
0.269533
2.768139
1.308451
1.330542
0.427589
3.916091
0.286328
0.693934
0.408098
0.005664
4.620666
0.681467
3.306955
2.102450
2.326475
0.385746
0.091521
6.423621
2.983821
0.239740
3.950379
0.464512
10.298406
1.536235
2.204688
1.254100
3.526884
4.457253
2.488937
1.039287
0.430085
3.640144
0.336152
2.239558
0.782686
0.852958
1.520772
1.222175
2.045347
2.525264
1.232622
1.558018
0.011721
0.625820
0.425472
2.364229
1.174324
0.539317
2.117361
0.494757
0.859487
1.444541
1.111686
0.841726
0.103568
0.198138
3.314682
4.224138
8.631532
1.473199
0.668932
0.397234
0.890221
1.156035
3.845348
2.298327
3.085305
0.976494
0.302432
1.112185
0.218269
1.834610
6.865012
0.231346
4.066485
0.347099
3.245084
0.751386
1.007317
1.216474
1.520036
2.733048
7.015924
6.376376
0.185389
0.041443
0.109067
4.563274
4.595612
0.081055
1.086504
0.406194
0.496547
3.013678
1.949913
0.152980
1.237894
1.051804
1.232137
1.841737
3.610085
1.657140
0.451876
3.251406
2.232902
0.147986
6.569556
1.289338
0.970670
0.887067
5.343078
4.974240
0.217942
4.623178
4.168576
0.425822
5.086887
5.281092
0.187863
3.439908
6.908861
1.421803
0.009475
0.417121
0.677079
1.975132
0.607314
2.762044
0.074357
2.558991
0.863121
4.111895
0.671363
1.609220
2.249431
6.326378
1.956649
2.031152
1.134345
0.017211
11.063804
0.904257
5.191753
0.209133
0.614746
3.229141
0.687960
0.411660
2.616457
0.958370
0.013957
2.395294
4.405676
0.023499
4.349164
0.388870
2.038855
0.320878
5.190659
2.252138
4.081252
0.645607
1.586920
0.337315
3.527762
0.504573
0.239620
1.205448
3.943460
1.578367
1.237006
3.887386
4.805074
0.977702
6.252178
0.382650
0.415754
0.567826
0.893088
4.987364
1.977077
0.914944
1.911576
1.457096
0.952202
1.393649
2.368936
0.036323
2.100019
1.932379
2.366329
1.468431
4.514339
0.552601
2.249831
2.574530
1.248709
3.104522
0.388763
0.786610
0.812979
2.031704
0.401793
0.558179
0.049765
0.297264
1.081413
0.477196
0.973182
3.008604
0.277750
0.026498
0.313182
2.734195
1.512396
1.483605
0.567353
0.508864
1.560650
4.547127
3.717248
0.536897
1.079732
2.690049
1.295774
0.194110
1.245161
5.668686
4.252649
2.043849
0.619637
0.483483
0.651473
1.189947
1.225970
0.720735
1.766372
4.173851
1.446589
7.138156
2.121244
2.068529
8.396697
3.205976
0.987500
1.449407
0.778547
2.024812
2.695495
3.993059
1.525902
1.755526
0.209898
6.027193
0.782399
1.718306
0.088696
3.094775
1.458470
5.156785
1.114770
3.066271
0.298961
2.443594
0.529403
1.818201
0.015823
3.419640
1.281282
1.479341
3.130075
0.271193
0.366022
2.991321
5.194210
1.627954
0.689016
0.569938
0.430262
0.064233
0.237920
2.598588
1.913676
0.475971
2.267408
5.615166
3.104842
2.556962
2.595440
0.730531
2.074907
0.334806
0.188906
3.069487
3.924262
0.779266
0.961248
4.039653
0.305828
3.857195
0.988758
5.397671
7.974922
1.629687
2.466224
4.749545
0.242526
0.000094
0.336664
0.735654
0.064330
0.621446
0.071335
2.085680
1.303508
2.497940
1.769570
0.621586
1.140939
0.753881
1.702513
0.167598
1.262918
2.176838
4.003082
0.793881
8.529742
0.565988
0.433696
0.273342
0.213220
1.758943
0.124727
0.172373
0.306977
2.931320
9.120645
0.592742
2.931726
0.312063
1.661381
3.226637
1.060531
1.829038
1.189583
4.422206
0.749360
0.072331
0.342893
2.750555
0.860220
2.623684
3.516045
3.404720
1.001513
2.358480
0.314181
0.955667
5.592562
0.832003
1.416997
0.081825
5.189045
1.679011
0.261731
0.140004
0.822415
0.238030
0.783409
0.224707
0.593239
4.384738
4.751311
2.206593
1.337451
0.878154
1.635811
3.220170
0.991506
2.518967
1.585316
2.697616
1.184346
0.939926
1.633785
3.675240
0.139691
2.431893
0.498663
0.012893
0.089767
2.606082
0.095258
6.961115
0.703010
0.370676
0.075025
2.007634
0.660851
0.895432
2.692563
1.544621
0.573397
2.081671
0.462049
2.670448
0.004423
2.895698
1.540187
0.998773
1.312181
0.176330
0.286697
5.262182
1.230021
2.353658
2.928981
1.496588
1.006099
9.109487
1.523934
1.156808
2.530126
1.733884
1.049907
0.028502
2.764142
1.178420
2.086387
0.061587
3.281327
0.980303
1.680417
0.114010
0.069818
2.980283
3.143431
0.074399
1.551249
0.798991
1.122881
0.041851
1.067956
1.656381
5.940449
4.128658
0.588491
2.528242
1.021396
2.100916
2.455133
5.411390
0.187368
1.105984
1.438742
1.377700
1.155797
0.607307
5.732268
0.181154
0.691208
2.766439
1.285146
3.940626
3.265830
1.420055
2.017065
1.817400
1.574412
0.384332
5.215337
7.338054
0.435163
0.831109
1.542909
0.311545
0.479365
3.145886
3.957509
1.898898
1.169621
1.682153
1.580294
1.519507
10.080452
0.121971
0.061053
1.132859
0.774406
7.234723
1.463975
1.899975
2.562980
9.955479
1.284303
1.497393
1.392222
0.231017
0.264709
0.094949
0.667918
0.103141
0.042169
1.305758
0.989540
1.635262
1.954744
1.849710
0.864922
1.328964
0.487858
3.158579
0.111478
2.876681
0.789338
0.097838
3.450170
0.880616
1.308597
0.308375
0.798892
14.367497
2.822346
0.106137
9.746508
0.522687
1.728832
1.361771
0.828217
2.425838
1.553912
1.950956
2.796209
1.646787
0.216157
0.309158
0.254722
2.590307
2.745850
1.272302
0.475510
6.598660
0.614552
0.617998
2.587583
1.786367
0.752473
1.586434
5.867821
3.157366
2.345606
0.646259
3.150021
1.183510
0.794414
3.077457
2.257907
4.739748
0.654725
0.031648
1.879014
3.422654
2.036022
0.899193
0.957474
2.702858
1.407764
1.386369
1.259497
0.580635
7.059833
2.271871
0.484312
0.536400
5.789848
5.654918
3.496189
0.597505
1.340620
2.963021
0.106823
0.394347
0.100116
3.728724
1.964842
0.945233
1.990404
0.719717
0.665745
4.805444
0.765228
4.457142
2.610555
6.275102
0.587219
0.231579
2.392942
2.852327
1.879916
0.360683
0.023630
1.735232
3.714435
0.514465
3.377975
3.107916
0.367001
2.049914
0.095960
2.134800
1.068510
0.208184
3.604227
1.242471
5.759905
1.234768
3.657064
1.707635
2.878304
0.261332
1.322299
0.168493
0.029835
0.478152
0.076248
0.627339
0.777164
2.657163
0.058880
5.357118
4.608423
0.083219
1.432366
2.725594
0.622768
0.791069
1.521339
1.142623
6.875811
1.732592
0.191512
0.961764
2.268592
5.217252
3.721988
1.946855
0.978816
2.302968
0.437376
0.324760
3.283115
2.279932
0.524490
3.442178
4.466401
0.624178
0.189431
0.483627
0.006473
0.254255
0.315965
4.674220
0.349027
2.143094
2.085124
1.116191
8.295699
0.397137
3.974350
6.076016
2.850820
6.168344
0.812426
1.152299
4.250493
0.392794
0.124082
0.622877
3.963130
0.592997
1.080816
2.208065
5.521432
2.089196
1.345111
3.538846
4.959849
1.734837
0.090761
5.038536
2.403579
0.422681
3.461800
3.924796
3.768054
1.270983
0.677055
3.570261
2.102052
0.325270
3.067683
1.055304
0.220369
0.251413
3.767130
8.389752
0.703205
4.774295
0.582135
0.345345
0.359910
2.217471
3.509570
0.213936
0.766011
0.761505
5.347710
0.534299
4.538657
7.408418
0.334289
1.812496
0.362760
7.527019
1.215560
0.028005
1.185238
2.714424
3.743291
0.205270
4.464653
1.990799
1.416745
11.653512
2.761028
0.878585
8.032520
0.092069
0.612008
0.534490
0.455252
1.118312
4.698065
0.062225
1.508999
0.503933
0.853234
1.235220
1.221920
0.559177
1.145929
1.888832
3.663510
1.842759
1.772936
0.699993
1.913888
0.071283
0.077340
1.240035
0.284412
5.337276
0.194100
2.043928
5.254022
3.678205
10.861637
4.808915
4.343657
0.600149
0.311437
0.187762
2.326593
0.099933
0.256218
0.490010
0.633447
1.260455
2.266829
2.608607
2.485665
0.242565
0.830219
1.602811
2.519301
5.251735
3.749562
0.807479
6.574144
4.317722
3.162158
0.200071
3.376928
4.356074
2.658370
2.716601
2.602262
2.625549
2.114489
1.902837
9.243524
3.187012
2.430851
2.264607
3.735467
3.470670
4.507773
0.248848
0.688331
1.702305
3.736845
0.005252
2.324983
0.410030
1.614535
1.033488
0.239793
1.023439
2.661512
0.157275
0.671168
1.509916
0.374634
0.211335
1.078128
4.731612
3.705301
0.312097
2.027002
1.369434
2.840030
1.973526
0.692192
1.238700
0.727481
0.297190
0.671966
0.446133
0.588947
1.718654
2.965748
0.212298
1.731079
1.233519
0.673953
0.285664
3.987997
1.018528
1.525579
1.830446
1.287523
3.415380
0.277472
2.074130
5.026424
1.580411
1.604286
2.872410
2.347086
0.418202
0.596647
1.192115
3.384611
1.599212
4.832092
0.257563
2.333199
0.436538
0.773597
5.752430
2.962474
0.196963
0.090752
0.867171
1.615308
0.802258
1.326864
1.082388
2.614955
0.037460
0.035350
0.456779
3.631348
0.318137
3.790140
2.823340
2.363840
1.026073
1.461430
0.969151
1.783254
2.995562
3.580261
1.041473
0.791628
2.723498
1.496268
0.031129
5.622777
3.761486
6.393066
2.493220
5.671003
0.006928
0.133010
1.368010
0.812614
1.593734
4.891874
0.130983
1.677812
5.343674
0.622798
1.038686
0.162284
0.249473
0.351930
2.950231
1.462096
2.277546
0.337521
0.229941
1.218210
8.905004
1.445254
3.055997
2.634569
0.084304
3.203677
2.229586
4.392837
2.834089
0.970768
3.545211
2.862823
1.191608
0.787621
0.199470
12.576358
0.545911
0.344701
1.669231
0.372053
1.109883
7.084191
0.569201
1.566865
0.284050
0.038229
0.127500
3.344634
0.382858
0.373546
0.624909
0.354841
2.309686
0.105497
4.502090
2.590489
3.792320
1.672778
1.908860
1.870063
6.042797
1.177858
0.919173
1.022144
2.944548
1.244923
1.015958
0.019031
1.944104
6.662320
0.394996
0.097516
5.475858
1.113403
1.786873
0.140193
1.180591
2.114060
4.238605
1.935475
3.461876
0.320891
3.052317
1.417638
0.445330
2.262323
0.533000
0.101478
0.559612
3.779788
2.139465
0.434662
0.696254
0.051364
1.810129
0.133535
1.341727
10.158016
0.153887
0.234028
6.341234
0.584119
0.343987
4.475808
2.279992
2.762759
6.489112
0.269387
1.025929
3.676429
2.741429
0.507627
9.044307
1.504544
2.633078
0.418362
0.461462
6.755878
0.544208
1.196098
3.372578
4.509964
2.073829
0.230340
5.063481
0.551342
0.380803
1.052598
0.535004
0.568524
1.466437
0.428203
1.389123
2.264265
0.179962
0.399064
1.111727
0.096419
0.733169
3.517096
4.377879
0.108863
0.106525
4.192751
1.743028
3.063171
0.136238
3.099786
2.770108
0.725028
0.543213
1.662448
0.444288
4.296279
2.237238
0.254938
0.265318
3.749963
1.505336
0.889288
0.197592
0.099498
1.604501
1.806647
2.590617
2.030746
2.989233
0.331188
2.309086
0.172353
7.855801
1.700833
0.291311
0.065426
1.195172
2.526220
3.385544
1.450153
1.406217
1.667952
3.427242
2.715817
0.278904
0.038341
1.967538
3.253518
0.298549
2.775287
2.100082
2.202588
0.231461
2.726322
2.518204
2.163308
0.827787
1.167789
0.709635
0.243418
1.807182
8.208424
0.439204
1.712287
1.625033
0.809050
1.869860
0.012282
0.102445
1.101137
1.475597
1.618863
9.030457
0.835953
0.706763
0.253904
0.894482
5.148570
5.119046
1.383407
2.242506
1.700702
0.365052
3.059530
0.762182
4.289937
1.175338
2.133139
0.786696
2.717963
2.942892
5.053804
2.593453
6.857241
1.367568
0.664898
0.714134
0.216693
0.682044
0.862204
1.493354
3.329806
4.709788
1.447708
0.330724
0.453267
2.012125
1.439079
0.270675
1.628382
0.024755
3.225966
0.277921
0.394801
1.754723
1.183427
0.128153
0.057829
0.216138
0.979671
2.953121
4.124636
0.734508
1.378918
3.670288
3.245685
3.037250
0.303237
4.715059
0.145020
1.350188
1.129182
4.252811
1.008322
5.857175
0.067420
1.826467
1.739156
1.580073
2.584546
0.296708
1.635033
1.493357
0.622888
2.675857
0.233479
2.505157
3.215658
0.298587
3.392907
0.413927
4.821712
2.339198
1.363691
1.049897
1.509696
0.704740
0.419964
2.220977
0.452112
0.600441
0.352266
2.008790
0.301832
1.630546
1.736246
0.380453
0.339814
0.351406
2.541650
4.267556
0.710514
0.651108
1.047392
1.672272
0.031211
1.459025
0.659374
3.376555
2.137366
0.205214
0.004231
1.673116
3.093180
1.372066
7.395051
0.762360
3.154042
0.359729
8.771599
10.915442
1.103162
0.322782
1.985645
1.660417
2.451906
0.470766
2.673255
3.972321
0.926818
1.220076
2.728201
2.216546
2.652602
0.329896
0.539657
2.772805
2.216830
1.456888
1.665690
0.790409
1.908292
1.675433
4.474697
1.027948
0.131708
4.057103
2.537600
3.891822
0.067301
2.450926
3.833010
1.221485
3.867828
1.316913
0.042639
1.650803
2.355845
2.840644
1.105795
0.130031
0.484228
0.370514
2.639652
5.974579
0.774774
6.967492
2.405301
9.441118
1.333588
0.615205
0.764125
0.214074
3.568714
0.473487
1.399915
4.523417
0.165200
0.502635
2.796496
0.238403
5.278997
1.862050
1.685261
3.065155
0.184671
1.785723
0.849182
3.030828
0.858127
2.945294
3.705947
1.659835
5.619881
1.716270
1.440999
0.604814
1.576480
0.479293
0.580846
0.065055
1.299741
1.686082
0.286613
0.742074
3.031957
2.026182
0.460863
3.927764
3.919833
6.377658
7.155290
3.099819
1.663119
1.559512
1.696118
2.115887
0.283127
4.995187
1.135194
1.311245
2.332067
0.646877
0.091661
1.978750
3.826383
1.634189
4.399224
1.014156
2.951395
0.304454
1.123365
0.573411
2.481322
1.656847
1.638550
1.351455
0.446707
2.896834
0.864340
0.122257
2.573535
0.780049
3.755034
0.680671
3.996709
1.085269
5.670606
11.276892
0.820460
0.938130
1.297582
0.050434
2.103972
1.476786
2.117395
1.398927
0.167645
1.562849
4.623157
3.818200
2.300568
0.802886
0.213064
1.002609
4.486924
2.159399
4.333904
0.197603
1.108025
0.539357
0.332995
0.323153
1.638939
0.000811
1.151321
1.102519
1.086666
0.952739
1.090207
2.818659
2.799806
4.556582
3.033670
1.035485
1.088281
1.137218
4.756425
1.386554
7.453912
3.302387
0.867270
2.154018
0.298917
1.206265
0.110280
0.066566
0.240288
5.597739
0.271210
1.546841
0.385947
0.657529
2.328007
2.654774
0.658656
0.268053
0.345394
2.406505
1.403969
1.729416
1.215689
0.596215
1.293926
0.538562
2.168911
4.527226
2.215865
1.684213
1.008663
2.075183
0.947629
2.756193
0.727917
1.452179
0.448406
0.888601
1.592301
0.753914
0.707212
2.252484
3.829512
1.282418
6.244313
1.554748
0.466831
0.539766
2.192162
0.913884
5.507606
0.373192
5.823085
0.994475
1.117231
1.096275
1.976986
0.188432
0.765452
0.706567
2.152401
2.504165
5.740488
0.074342
1.239918
0.571089
1.609015
2.174635
1.868515
0.214346
7.538853
4.707146
3.004580
3.538708
0.950646
2.643398
0.923898
1.766153
7.003089
0.072846
6.126906
4.732414
0.461315
4.582938
0.707517
2.010179
0.773846
5.202483
2.573997
2.036963
0.505764
0.965816
0.870658
0.364856
1.087739
3.374602
1.072801
7.165007
1.299647
0.045049
0.153381
1.213194
5.241284
3.810358
0.669139
0.729298
1.756652
2.124364
4.452187
1.616539
2.342797
3.732853
1.234356
4.527794
2.726772
2.841697
1.510230
0.134553
2.305986
0.585912
2.434256
4.766507
2.026476
0.117100
0.154854
0.116235
4.109120
1.345340
0.058147
0.860683
1.434588
0.216237
3.264490
1.156684
6.144472
0.186125
2.730884
1.545267
2.718627
2.025509
0.194291
1.135603
1.315975
1.610892
0.798822
0.513179
0.746777
3.922657
0.688865
10.999342
0.240438
10.719695
4.679783
2.774448
0.107155
7.648697
3.286952
5.154523
1.261559
3.607840
0.639670
7.799398
5.555649
0.162943
1.085750
4.442175
0.365694
0.357432
1.123233
4.821842
3.223277
1.477501
0.841656
0.664096
0.156790
2.234259
1.422057
0.978792
1.519048
3.221267
0.965498
2.073443
3.174740
0.675362
1.007094
3.763869
0.615075
0.452070
2.954391
2.637779
0.076770
0.093039
2.491812
7.416872
0.264082
0.281387
4.034708
0.687234
0.698835
0.703963
0.448956
0.200394
3.418476
1.573000
0.949270
4.496145
0.490130
4.356299
0.660903
2.768250
2.323028
2.183171
1.004530
1.317590
6.027527
3.125667
0.801642
0.485769
9.858586
0.215066
5.920959
0.061797
0.318946
2.160714
0.011856
0.632443
3.138226
4.125616
1.650623
0.181319
0.371720
2.879123
0.401816
8.949419
0.734987
1.641507
4.291229
1.488369
1.183526
0.359222
0.641335
0.286903
3.528923
2.212344
1.915073
3.024754
1.231023
5.852146
10.700321
1.204434
0.099108
5.745562
1.318767
0.435698
1.852603
1.341755
1.257925
1.007549
0.897718
0.058357
1.317205
1.515388
3.137795
2.183898
1.467356
0.209072
0.508077
1.031222
1.957055
2.223318
1.675278
4.574828
3.265665
1.008329
1.677032
1.092171
0.386210
0.055326
0.915139
0.374726
1.306652
1.074086
0.242790
6.567768
1.889789
2.533825
1.200254
0.162712
0.242200
3.352242
0.226095
1.815060
0.843663
4.577701
0.604694
3.990434
12.307579
1.328173
0.620892
1.945778
0.339784
3.593333
1.469947
6.481653
0.523091
0.184516
0.961420
1.040890
0.245271
2.763297
1.718881
1.808238
0.359119
2.348289
1.631168
2.989018
1.052612
0.017833
3.845231
1.481615
3.449459
6.471419
0.255102
0.362886
3.922034
0.958234
0.060816
3.892051
4.018736
0.704314
1.304663
0.044840
0.280777
15.924838
8.153668
0.896073
0.183752
0.907299
2.912254
0.454292
0.241017
0.841554
3.201921
0.651162
0.069970
0.879853
0.110040
1.172525
0.907610
4.756980
6.814535
0.412996
4.049563
0.181207
0.869293
2.598488
1.259556
0.964012
1.756167
0.810580
2.274416
0.131406
0.878211
3.324267
0.130663
0.826267
0.375999
0.327451
2.428859
5.569240
0.874594
3.392728
0.661766
0.330971
0.198632
0.759862
1.420319
0.320518
2.851638
4.130724
0.113959
2.593323
0.123325
5.137373
3.355185
1.063099
2.103224
0.658305
3.167178
0.535882
1.902196
1.285097
0.709464
6.952090
0.669033
0.898462
0.734884
1.216513
1.438597
0.021348
1.001580
4.036719
3.512030
2.251922
0.039680
5.097267
9.595252
1.501886
0.144902
2.784135
1.026010
0.267692
1.300160
1.236473
0.099723
0.688287
4.133642
2.403051
1.695580
2.206297
5.445682
0.409927
0.306827
0.530408
0.335402
1.112138
1.806907
1.239384
4.278248
0.227992
1.279239
0.646454
7.366992
0.712708
6.066863
10.409500
0.500995
5.750592
1.478752
0.689141
2.375147
5.151273
1.078280
0.379987
0.972269
1.252433
1.248019
0.597926
0.359819
0.073012
5.223349
0.208425
0.499927
0.142591
0.806686
0.941813
1.367798
5.227728
3.633587
0.948334
0.070192
0.742014
2.121403
0.018793
1.881864
1.860967
0.007739
3.559538
1.593630
1.494997
0.262036
0.560161
1.196929
1.551096
1.080209
3.607814
0.009900
4.266039
0.196900
0.371677
4.986733
0.041115
0.625476
0.298252
0.186778
1.834960
1.443518
1.756620
1.498269
0.866363
6.546251
1.649757
2.166569
1.913701
1.692896
0.632861
0.500866
1.710985
0.216456
2.946092
0.213782
0.510753
0.030331
1.604681
2.895692
1.132549
0.979000
2.938150
0.753419
1.311033
5.608701
0.525988
1.390994
0.466419
0.923413
1.784828
3.305608
4.306538
0.384380
0.818080
0.536944
0.294594
4.554305
4.545495
2.795612
1.264060
0.368388
7.330147
0.088770
0.631621
2.734329
0.312819
1.371064
2.856088
2.384830
0.605190
0.427838
0.174560
0.062906
1.412348
1.662088
7.041136
2.676720
0.135657
0.393076
0.227496
2.133726
8.672968
9.515058
3.552919
0.779075
0.514607
6.866983
0.497061
0.264408
2.550131
2.332984
0.690801
2.374789
2.633215
1.655029
1.160196
4.187050
0.121717
0.447235
1.703164
0.771752
0.998339
2.139119
0.864980
4.593933
0.500120
0.775818
2.027593
0.676058
1.386117
2.730462
5.720276
1.334465
2.664306
2.970046
3.316239
6.591399
2.703622
0.060005
0.181591
1.239110
2.532401
0.952393
0.341105
1.195879
5.685137
1.817429
0.791439
0.001536
3.192423
4.606472
0.774012
0.422189
1.627944
2.229614
0.188048
3.011521
10.086541
2.595837
0.134368
1.360474
1.275722
0.015492
7.862041
0.465555
3.039368
3.120148
0.374173
1.478164
3.423346
0.595259
8.303610
1.542373
2.022753
0.304125
8.778864
1.725530
2.678999
0.754912
1.729171
1.532986
0.482772
4.598915
2.586796
2.951275
1.695901
3.379152
1.594877
1.665994
1.563094
1.906405
0.121111
0.027957
1.946842
0.079843
0.500904
1.033119
3.532353
0.995750
5.204095
2.090812
2.097375
4.819057
0.411558
0.673422
0.105131
0.381302
3.988597
3.113985
1.338767
1.169177
0.784875
2.424262
0.838170
0.103122
1.284165
4.908208
4.014712
0.047199
1.305222
1.048359
2.031220
1.544702
1.095810
0.602292
1.721755
2.062233
2.178081
1.042505
0.072437
1.779975
0.112452
2.311466
1.384221
0.550616
7.084919
1.600081
1.069693
3.603000
0.830789
4.649999
0.650391
2.184335
1.855988
1.934986
2.508890
0.163415
1.527247
1.737014
0.214684
0.026861
8.910329
2.691075
1.603313
1.056018
15.806640
0.275363
0.110208
2.175886
1.530780
0.186829
0.581856
1.780867
2.977604
2.787942
3.546078
2.736242
0.720795
0.560551
1.736735
2.057357
0.317150
3.903542
0.733544
2.782976
1.299957
0.044079
3.541016
0.024081
1.843716
5.362870
0.051269
1.786137
2.224218
1.719459
0.001649
2.221972
2.443917
0.111951
0.812502
0.549387
0.310085
1.765168
3.540590
5.001549
0.825582
2.157037
2.177682
2.047753
4.693610
0.558787
0.666255
0.104623
0.214581
1.784922
3.241623
1.733470
1.894284
1.999428
1.791244
0.482546
1.658165
1.919208
3.269258
0.534938
0.430546
3.277728
4.717291
4.585791
3.935613
0.547056
0.299836
0.007731
3.492767
6.943573
5.097913
0.357765
1.982242
1.760065
3.265372
1.523560
3.532044
0.184049
1.754775
5.339297
2.268091
0.976804
1.428340
0.686173
0.037161
0.215278
1.405570
1.744354
2.538827
0.741464
3.392668
4.876410
0.245625
2.560968
3.339532
7.443424
6.509329
6.029021
7.790899
3.092952
5.048177
4.635450
6.023660
1.591282
1.333918
2.816217
0.170840
0.758780
3.706993
2.193261
0.565905
1.474544
0.107644
2.828123
3.342687
0.146881
3.916497
0.761940
2.115524
1.725018
1.970064
1.267544
1.348968
2.710702
0.425176
0.719903
2.531347
0.331913
0.583969
2.392118
5.624145
0.380115
1.828182
4.427649
2.558807
0.179526
2.077553
3.255920
1.026902
1.344432
1.268533
2.088350
0.022136
1.476603
1.037931
3.463353
1.797311
0.612395
0.301213
0.563801
3.685985
2.908177
2.510986
0.807647
1.420709
4.741201
2.013130
0.513609
0.122671
4.374012
5.156601
14.877593
0.125531
1.481384
4.416917
3.052337
1.878445
1.536788
1.765244
0.021397
0.052004
0.115214
2.149749
0.074726
1.725756
0.131262
3.927749
0.374919
0.792860
15.203402
1.077725
0.370106
2.903904
0.282328
1.391011
0.641560
0.077957
0.291683
1.389889
0.205663
0.047465
1.106753
0.204360
0.176110
5.921157
8.726521
4.033646
1.629633
1.482600
1.207438
1.678293
1.593342
1.423457
0.513867
1.763037
0.182606
0.685274
1.179495
0.597341
1.921460
1.177694
2.246536
3.086609
0.473776
3.284316
0.677962
1.328488
3.724366
1.100552
8.571282
5.708047
1.183574
1.059440
0.080646
1.514100
0.890828
0.054299
1.014578
4.971104
1.598305
3.808960
1.325784
0.209528
0.893527
2.484192
2.312330
1.186834
0.002653
0.280461
2.446717
1.928402
1.715456
0.957829
1.038517
3.091009
0.414006
2.358835
0.635274
0.064322
0.246034
0.597805
7.302197
1.652964
2.214893
0.027302
0.196033
0.058939
0.082358
1.351558
5.828672
1.786285
0.838134
1.125646
2.342983
2.425655
0.305424
0.941304
0.325528
0.308515
1.411440
3.875439
2.868122
0.171383
0.539717
0.364722
4.063866
1.101543
3.921422
0.304092
1.214469
7.377219
1.019717
1.121369
1.541817
0.143031
1.169448
1.992688
0.206409
1.319746
0.260248
0.089613
0.153148
1.248561
1.285740
2.886250
0.365438
1.913401
0.299824
0.763125
2.844179
2.073888
0.380322
1.469820
2.600864
1.054203
2.324069
1.815178
3.581699
1.581046
2.675430
0.680271
1.473721
0.294623
2.528211
0.121185
0.461325
0.349298
2.339570
0.724956
2.061897
3.338158
0.855015
2.524951
0.645742
3.452914
1.311159
1.170131
1.152251
1.935564
2.855374
0.438100
0.617236
5.415433
2.525819
9.959680
0.840135
1.036107
1.781387
0.387605
6.020211
0.792567
1.249129
1.277694
1.247836
0.401819
1.513846
2.218246
0.837897
0.498099
7.314925
8.480142
0.065125
0.777422
2.425629
0.736255
0.311335
0.405456
2.779815
1.744951
3.254948
1.430943
3.017401
0.143236
1.175232
1.370250
0.128519
3.096190
4.611056
2.110344
6.622344
3.807717
7.731401
1.117345
0.780483
1.171137
1.883451
3.848286
0.240639
6.085963
0.154751
0.183276
5.558049
0.225209
1.054027
2.046314
1.070465
1.613934
3.475012
0.361530
0.292075
1.975661
2.256538
4.922638
2.386264
0.257387
1.057472
2.845656
4.774194
0.744867
1.058102
4.105685
0.353359
0.988225
0.712386
1.327404
3.580706
4.809416
0.828177
5.854707
3.961230
1.067218
0.069237
3.218042
1.467986
1.172754
1.161275
5.450752
11.944483
0.614409
0.210381
0.286186
4.453396
2.994487
0.098389
1.777575
4.546259
1.227395
0.854853
3.270686
2.935868
2.843021
2.258628
5.363327
0.321603
7.493665
1.077796
7.994888
4.345146
2.818446
5.264929
2.757696
0.370690
6.546939
1.588359
2.337173
1.041032
8.931940
1.954591
1.032472
0.583397
2.571229
1.538173
0.313593
1.385388
1.756872
2.648278
1.010960
0.088369
0.170642
0.451039
3.351385
3.670589
4.218047
2.728066
9.014674
3.862750
0.351045
7.054181
2.703145
4.969379
4.579508
1.343940
0.179480
3.944173
0.076124
2.983533
0.620182
0.052386
1.017314
2.216461
0.653842
0.260712
0.462405
1.103230
1.945671
3.130738
0.343830
0.037906
3.594085
0.548169
0.498649
2.082761
0.167123
0.209203
0.993205
0.143288
6.174276
1.607652
0.081118
2.378396
1.266120
5.576010
0.408725
1.618762
3.211788
0.502520
0.800631
0.136365
0.570125
2.608243
2.661850
1.496863
3.805016
5.701133
6.026706
1.280337
2.642344
0.230424
1.352858
1.675833
0.857124
2.491282
0.482671
1.119753
3.337951
1.861933
1.377745
2.904250
0.344459
1.542675
1.237795
1.973692
1.292763
2.078586
0.402070
0.644138
4.057119
1.434911
0.834858
0.247746
0.550444
0.160315
2.062281
0.191707
0.038809
1.804151
1.661139
2.791840
2.428693
0.114771
0.770690
0.106065
2.922151
1.528024
1.309281
1.732970
0.301723
7.654391
0.847770
0.708349
1.450659
3.289749
5.193836
9.631023
1.207559
0.227711
0.621898
0.776431
1.933173
1.875593
1.153367
3.935333
2.313792
0.170335
6.057339
2.439910
2.253499
1.450593
1.221850
0.952884
1.695344
3.000587
1.126562
0.829826
0.745438
4.838981
5.030951
1.199950
4.401185
0.614889
2.767973
1.038716
0.148671
2.247365
1.011658
1.488453
3.051413
2.182737
3.749831
1.028842
0.636980
0.670593
0.608628
6.354166
0.913040
0.481573
2.175638
0.086714
2.617259
0.256123
1.094432
0.717350
4.548698
3.822486
2.048871
0.467089
2.880544
1.642763
2.154400
2.113401
3.484258
1.051454
0.118432
4.536224
0.175028
1.212073
1.094256
4.024712
0.252793
0.624012
0.625261
0.993478
1.609932
1.513669
0.860892
5.036824
2.731741
0.025827
6.532101
1.287386
0.285505
0.966696
2.992666
0.061264
0.536775
1.079311
0.544786
13.038396
7.564398
4.563551
2.104933
3.239788
0.732792
2.464889
2.398454
0.990449
0.355653
0.255585
0.593829
0.661588
0.982003
1.490450
2.236416
5.656498
0.115731
0.046365
3.936462
3.229552
0.072802
3.453510
0.645144
0.369716
0.459894
0.106308
0.443652
1.162542
1.265298
1.150338
1.157274
1.181342
0.816801
0.189198
0.570370
2.054775
3.205752
5.863558
0.066338
6.519169
0.137975
0.683622
0.557425
1.212650
3.373610
4.962886
1.006814
4.097643
5.603410
0.590968
2.230569
7.380960
0.162351
5.908953
0.310544
0.666453
15.974268
0.839421
2.576195
1.264019
3.029646
0.357160
4.918990
0.245331
0.585537
0.355019
2.833503
0.107832
0.231596
3.122482
0.028368
0.387185
0.165985
0.594998
1.992048
4.498696
0.381605
0.053072
2.901839
0.239815
0.662615
1.151878
0.184313
0.892523
0.974600
0.527554
2.062146
0.973494
1.709536
0.916406
3.846310
0.876300
1.514833
2.925287
1.270555
3.073573
5.347982
0.516793
3.633138
0.082411
0.035993
3.814361
0.487649
0.205123
0.230436
3.755023
9.659021
0.664055
4.130555
2.834785
1.006806
0.337388
0.435014
1.321622
1.448105
1.740702
2.513503
0.345357
6.796790
0.685097
1.493826
3.434358
2.070218
0.118007
1.777374
0.244389
3.693178
1.467224
0.839336
2.276639
1.642856
0.894357
1.514921
2.997327
1.225155
2.043150
1.954212
1.195883
5.115082
1.373607
0.465661
0.765554
2.111396
1.032315
3.234967
0.366084
8.319187
1.455584
0.788632
6.030206
3.290824
3.821517
2.951451
1.202520
4.801026
0.893174
1.673588
2.785061
4.240868
4.807866
1.128443
1.160413
0.629993
6.558402
0.488705
2.605793
1.844187
3.670040
0.392794
1.488120
0.822587
0.975606
3.701162
9.067248
3.113850
2.068217
0.340450
2.970929
0.352240
1.317044
2.578786
6.918674
0.814181
1.370157
1.090933
0.558752
3.877848
8.737356
10.719823
2.664838
4.545474
1.111980
0.388089
0.365872
0.984785
0.999005
4.515895
9.455082
0.531991
0.153220
1.451221
1.691501
1.231540
0.888906
1.642067
0.572678
0.006575
2.521428
0.045708
0.360083
0.443620
2.749972
0.286157
1.524345
0.557065
1.613719
3.002001
0.209049
1.557735
2.960258
3.608586
1.152666
0.443508
0.023716
1.858871
1.772129
1.038239
1.388931
1.729660
2.035058
1.708546
0.199304
0.469617
0.069561
1.209075
2.933284
0.665847
1.221126
1.330479
0.729903
1.944238
2.308982
0.108757
2.813265
0.492135
0.702047
0.738582
10.688082
1.005980
3.792247
2.918720
0.524521
0.679060
6.792574
0.555404
4.472073
1.615893
2.085030
1.001016
0.285673
0.673593
6.895629
0.517417
1.367280
0.004741
2.289052
0.614477
0.672464
0.298346
2.775587
1.789607
2.856730
1.142413
2.066990
1.448585
2.118516
5.635886
3.475776
2.091151
0.817596
2.241464
1.076139
1.670532
6.532677
0.964568
3.308017
3.861669
5.524668
1.218169
0.572034
0.145056
2.710347
0.489079
0.707394
0.541837
0.495136
7.778315
1.393693
1.405770
0.251393
0.581295
0.202200
4.214317
2.325516
2.697197
1.000925
0.833045
2.283044
0.491439
9.051771
0.032704
4.447867
1.039398
1.746749
3.843802
3.101666
0.992459
2.466421
2.580402
3.758948
6.311541
3.167001
1.780403
0.383119
0.194469
3.506020
1.000537
0.149866
0.796764
4.574952
0.422212
1.738887
10.455747
0.142410
0.624476
2.656286
1.241574
1.877363
1.074677
2.280976
1.822764
1.130977
1.697985
0.006676
0.028963
1.109645
3.133341
1.040255
0.288827
1.451529
0.583072
0.192723
0.744419
3.694274
0.619021
1.033175
2.211638
2.156598
1.291159
12.110802
1.634266
2.192949
1.727729
1.610120
2.653654
3.750229
0.679271
0.439202
1.215846
2.432555
4.199254
0.110077
0.291408
1.194410
0.117131
0.324952
4.166545
3.769649
1.621696
0.019996
0.905710
3.304732
0.214753
2.247737
2.103739
0.917752
0.163347
0.770667
0.056455
1.615180
0.763783
1.764439
0.496978
4.524828
0.299497
6.189071
2.713966
1.113899
0.329431
0.441501
0.280167
0.059605
0.579727
0.619312
1.304068
0.737835
1.076614
0.875438
0.340774
7.135686
0.906500
1.471490
3.029959
1.255668
0.435893
1.127409
3.594667
0.641123
2.778031
3.962344
3.524326
0.141082
1.189245
0.099113
6.649116
1.770091
0.006114
2.452268
0.028909
0.336642
4.700577
0.313460
0.407369
0.339899
1.059901
2.177097
1.250267
3.516226
0.035896
1.942929
3.213020
0.963275
0.307056
1.733101
3.774104
0.825447
0.021119
2.296080
1.895631
2.864118
1.574188
1.162282
3.535622
9.941934
1.343119
3.153025
1.736756
1.355104
1.385817
1.806348
2.082907
1.036839
2.692484
3.559729
1.645744
0.327744
1.364945
0.051952
7.705589
1.436611
2.083216
3.011897
4.500955
3.115937
0.885692
2.718396
0.272995
0.918675
1.109817
2.694183
0.277332
7.060997
0.398719
6.377421
6.635915
2.216316
2.789301
1.571146
0.353414
0.580600
0.298997
3.311315
2.137136
4.218052
2.045373
0.490092
0.060492
0.290067
0.556712
0.017220
2.085005
4.416117
3.090732
1.562121
2.275888
0.312279
0.671542
3.291312
1.438399
2.483269
1.584250
2.056341
2.290138
2.602902
1.838161
2.074496
1.013989
0.871420
0.420733
1.640469
1.858527
0.796700
0.919964
0.606690
0.464412
0.018238
1.303960
0.541022
0.311167
2.559979
0.563621
3.135758
1.893737
0.065769
0.811709
0.689404
0.389379
1.928894
0.207796
2.340869
0.800640
2.075795
0.807255
0.023523
0.935739
5.412746
2.141589
2.951226
0.674910
3.754332
0.804041
4.443332
0.386077
2.406200
0.332646
0.965017
2.467598
2.000509
1.933996
3.833285
0.874450
4.010313
2.067971
6.775769
4.559896
7.633968
0.596242
0.155102
1.816705
0.881577
2.891139
5.226568
0.004551
0.202948
5.574159
0.943009
0.060334
1.811014
0.318692
0.759983
1.169087
1.301447
0.465642
1.925663
0.392200
0.895488
0.001914
4.358712
9.965798
1.939035
2.692499
0.853336
1.331433
0.969662
0.752414
0.968384
0.899476
1.694128
1.226549
6.389180
5.256621
0.504150
4.338264
5.320588
0.769294
3.475934
0.730595
0.858570
1.088715
1.207741
2.188196
3.967177
5.365945
4.124981
1.310220
0.232417
0.532610
1.313908
11.365586
0.514799
0.215852
2.666505
1.707855
1.775410
0.256986
4.374947
7.165871
1.318593
1.229147
1.126455
1.166081
0.978546
2.119429
0.793580
0.762522
7.205716
0.328917
1.951074
0.776567
1.694615
0.158776
8.676184
1.137821
0.015982
3.929394
4.917850
0.250377
0.196541
1.008511
0.242675
0.772905
1.379709
3.802883
4.503733
0.181495
7.096640
3.052009
0.121534
1.210316
0.553421
1.345079
4.523144
1.981242
0.308715
0.505501
5.824783
0.246119
0.939960
1.681738
1.150973
5.853084
2.071180
1.105058
0.956962
2.116527
0.669013
0.698403
2.944675
0.949326
2.347496
4.323501
2.397588
0.419332
2.660005
1.799062
0.645643
2.453463
0.942688
0.815499
0.350523
1.922383
3.479591
0.116479
0.565301
6.851686
0.656769
0.426068
0.173878
2.127839
2.858703
1.471423
1.839179
1.040133
5.813355
7.990092
0.120479
0.521826
0.646874
3.533031
1.870729
6.830798
2.503170
0.730565
0.339873
1.193756
4.590012
1.131897
0.339734
0.643378
2.913717
0.762478
4.463121
1.790412
0.935408
0.298988
1.637216
2.119601
0.803128
2.055683
0.737421
0.191400
0.355999
4.809056
1.373465
0.229476
4.438056
1.620457
0.825137
0.366951
0.970043
5.823133
0.289507
0.206869
0.579660
0.687930
1.586984
0.327035
2.569100
2.434523
1.109989
1.347701
0.042336
0.767105
0.170537
1.003423
1.222840
2.047136
0.098342
3.103731
0.665111
0.881219
4.230734
1.181067
0.618623
0.943830
1.616526
0.342367
5.360000
4.459057
0.785970
0.758872
3.640693
1.231356
1.068931
0.187829
2.778773
6.527485
0.550158
1.284896
2.191524
2.195700
6.662669
2.320937
8.396253
0.094160
0.169302
1.168214
2.321051
0.276568
0.524143
6.985932
1.329138
0.232966
1.074195
2.785049
1.331641
7.008215
4.791285
1.081145
3.966043
0.532747
2.643546
2.410465
2.365548
0.318825
3.121460
1.175213
0.231070
0.061960
5.010409
2.981762
2.387501
4.284264
1.237885
2.290740
5.278492
1.564628
0.265441
1.910393
2.228278
0.876496
1.758244
0.342305
1.250189
0.000821
4.790708
6.029318
7.035710
3.404702
0.919386
3.575746
0.105942
0.214860
1.523118
2.734277
0.573275
0.780402
0.420231
0.887352
0.872625
0.228243
0.285785
0.103643
9.301601
1.805954
2.636492
5.027377
0.295359
3.885434
1.528403
3.311956
0.475297
0.253729
6.786559
2.255933
0.254662
4.163068
1.973677
0.188390
2.361859
10.930758
5.116996
2.729842
0.205461
1.216293
1.345764
0.851885
3.016655
2.274331
2.442731
0.283829
3.094086
3.644338
0.403759
3.006281
1.134666
4.934973
2.385410
1.689135
2.955839
0.525055
0.953981
8.197708
0.861695
0.848541
2.155958
1.268247
0.499526
0.676447
1.639664
4.907311
0.664615
1.315844
2.149521
0.957244
5.552055
0.321240
2.598100
2.520627
3.516544
1.132613
3.777503
1.907887
0.631360
0.064109
0.996315
2.432573
5.865449
0.186317
0.640213
2.536215
0.770872
2.118474
2.421624
2.216646
13.882448
0.898089
0.300454
0.497044
2.092380
2.401171
0.287899
5.360674
0.399478
3.147072
0.747419
0.252873
5.662931
0.079629
3.606105
2.928349
1.275101
2.303674
0.967434
2.710534
2.513976
2.990995
1.180434
2.170831
4.002208
2.543942
0.958896
0.408300
0.933621
0.173121
3.855817
0.930538
1.176429
10.243845
1.793375
0.196127
2.361929
2.590350
0.050366
4.144106
1.463107
0.821031
9.879343
1.232049
0.942326
3.521079
0.519210
3.756448
1.434848
1.894305
1.779591
0.516202
0.982109
0.071365
4.409488
0.582934
2.811156
0.631056
1.150704
0.273418
0.872414
0.690739
1.385534
3.200939
0.673959
0.192782
4.443983
7.735444
3.407950
4.965233
3.836919
0.821600
0.583828
3.741737
3.187062
1.982523
2.242072
0.051532
1.292643
0.411714
2.029977
0.135039
1.067278
0.051892
0.211486
0.722669
0.652695
3.863682
1.705930
2.517132
8.136722
5.244662
0.016024
1.318281
2.586081
0.696441
1.709430
1.920339
0.638072
0.997256
1.525627
0.270077
2.615093
3.091189
7.174661
1.494405
1.074704
2.079098
1.604796
4.446383
3.572783
0.419815
6.294395
0.564644
0.484024
0.118166
1.593567
1.360063
4.872015
0.262665
0.469769
4.514938
0.103515
0.490058
0.949918
2.992269
1.432319
6.101853
0.999038
3.069825
0.847222
5.229804
4.834719
0.155574
2.501011
4.294091
1.838335
0.277022
1.508161
0.331864
0.042618
0.898813
0.837821
7.643551
1.872796
1.629230
0.072255
0.342018
0.103827
5.911994
0.657731
0.602013
3.707589
0.803048
1.297285
0.500638
0.225680
8.951752
0.382642
1.385831
2.966890
1.465666
1.112724
2.303953
1.804248
0.302458
1.674773
0.434925
0.628588
0.203438
0.856460
0.687176
1.227601
2.346082
0.626383
0.137999
0.569415
0.725883
0.506842
0.708655
0.581630
1.402839
1.634166
0.201198
3.601439
0.072346
0.762967
5.678365
0.048886
1.351734
1.164681
3.191975
0.021594
4.051720
1.312783
1.857902
0.017009
0.099305
3.223625
0.651915
0.313674
0.322246
1.683031
1.852009
3.657530
3.638263
2.220598
0.182376
0.306784
4.496165
0.973921
1.003575
1.016716
5.757336
1.347697
0.531418
7.756910
3.294375
0.384415
0.006940
0.709622
1.915657
3.226446
0.740485
1.324827
0.662671
4.917670
1.357949
0.802376
2.510110
2.948306
1.291124
3.986565
0.830942
0.165675
2.428994
0.391553
2.772898
3.124104
0.771356
2.068106
0.386692
2.507469
0.087809
0.254744
0.458374
0.646736
0.208302
0.024609
1.199885
0.216005
0.744806
0.139625
4.668778
1.937046
1.605147
0.409542
1.530671
0.091437
1.449862
0.574729
3.382560
9.482952
0.240981
0.338465
0.146805
3.392773
0.811404
3.438639
1.867636
2.119756
1.251908
3.053442
0.917938
1.419382
4.652667
1.701405
3.069554
0.002517
1.759506
0.537466
0.218810
4.527460
0.722182
0.013572
1.452972
3.860806
0.426211
0.105150
4.597174
2.459067
0.716148
2.512750
2.400262
1.070555
4.095934
2.936038
0.525714
0.457555
1.785297
3.641530
3.903807
0.114579
1.939653
0.512526
1.659691
1.481309
3.208372
0.856586
1.486592
0.969216
1.754296
1.978199
0.657285
4.362802
2.014902
3.184122
2.709801
3.506393
3.763950
2.052359
1.528649
0.321957
0.883042
0.531051
1.656481
0.517400
0.005639
3.162975
1.132818
1.799094
2.001679
0.686211
2.093514
0.584131
1.453400
0.478568
2.996496
0.757973
1.647370
0.716022
2.404659
0.313824
5.290803
7.785038
0.065744
1.659651
2.993114
2.977669
0.990742
1.955329
1.075678
5.180719
2.961219
2.965024
0.344435
0.817994
0.001758
0.351136
0.278558
1.135917
2.807008
2.874704
2.572937
1.032317
0.031699
0.549541
1.914226
3.142389
1.622504
0.390056
0.195529
0.589293
0.778424
0.044820
0.535265
0.876225
1.763950
0.021943
0.276482
7.517810
2.014197
1.575365
4.639415
1.045876
0.765556
0.123541
2.716638
0.768135
0.499286
4.125913
2.790536
7.392743
2.017724
1.292484
0.950845
2.105887
2.519269
10.362073
1.171436
0.634746
0.376437
1.537603
1.497936
1.362340
1.635574
2.870607
3.777275
0.312438
2.964450
7.618350
0.258666
1.047116
1.480209
0.046571
3.372797
3.677344
0.173117
1.631634
0.348436
0.724349
1.126500
4.863554
0.654303
0.136581
0.982400
2.142403
2.525334
0.220412
2.109849
0.349649
0.944143
3.467142
2.386904
4.675117
0.763467
0.589869
2.189602
0.363152
1.021810
1.153440
0.310687
1.473640
3.739698
2.198113
1.572204
2.161551
1.417684
1.973967
0.492799
2.203267
5.351355
2.094134
1.734010
0.471864
2.510849
6.877797
4.043386
1.131784
0.149987
1.465233
1.795635
1.190378
0.839223
0.683204
0.867663
2.157741
1.573987
0.035050
3.498159
5.794900
1.216268
7.009442
1.255478
0.717604
2.025380
0.021284
6.548513
0.312245
2.031593
0.398231
3.344947
1.683415
3.538970
0.995193
3.020919
1.573265
0.892292
2.081218
7.524702
1.131832
0.363309
1.684747
4.252257
1.421842
3.913486
0.529703
0.369840
1.033254
0.575504
10.555102
0.856363
2.446220
6.695688
3.369505
0.014399
1.840595
3.487025
6.968865
2.741985
1.243444
0.324741
1.634535
0.065061
7.770087
6.006437
3.334120
1.485000
0.742947
1.224828
1.389691
2.713027
1.956703
0.145488
1.951787
0.285151
5.285744
3.873450
0.718233
0.807875
0.223824
0.703665
2.282755
3.337989
0.606111
1.366912
3.415617
3.976155
0.771989
3.102963
1.879051
3.057625
5.559308
0.366764
3.377116
4.987324
0.250951
1.969208
1.164896
1.117951
0.176290
5.705651
0.374222
2.465030
0.025117
3.157746
3.681727
5.671435
2.097458
0.308697
0.639413
2.817033
1.158312
6.169514
1.674302
2.415098
1.193456
0.974854
1.660742
2.936011
0.381986
0.380625
1.609599
0.237120
0.833605
0.917848
0.059259
1.227828
10.387723
1.272268
4.360328
0.164203
1.065407
0.118704
3.095398
1.108386
3.813234
1.980858
0.913900
1.390439
2.953396
2.045668
0.592852
0.474582
1.806179
3.469857
4.867875
0.090150
0.469882
1.294137
3.360682
0.966564
2.098049
0.913029
1.366574
9.327626
2.652647
1.485685
1.193280
2.611259
10.559162
0.819905
3.298641
1.048124
1.001564
1.808144
3.583765
0.563032
0.506343
0.446641
2.743965
10.709608
3.672267
0.005860
0.462636
1.142750
3.503304
0.252991
1.305262
0.073111
1.808939
0.693493
1.086489
0.561980
2.154841
4.911123
0.537155
1.002002
1.154021
2.309571
0.262666
1.135959
0.042842
5.344220
3.680474
1.072754
1.492996
2.245240
2.160550
2.769723
4.154339
1.044765
2.732326
2.512519
1.054655
6.049455
0.326296
0.539246
0.145681
1.987751
0.635535
2.190203
5.124680
2.351208
4.826106
1.746479
1.860538
0.315630
7.499764
0.089948
3.554141
0.209729
1.297527
3.821900
0.061841
0.767002
0.621756
1.625771
9.953192
5.253712
0.730755
4.047154
0.814700
0.104654
1.749824
2.728349
0.004827
2.645782
7.899557
0.150873
0.903531
0.583297
2.680010
0.674788
5.776860
2.091741
4.061696
1.596522
3.165653
3.731957
1.802147
1.964185
5.793910
0.147669
1.298389
7.398379
0.987620
2.730870
1.517208
0.965143
2.232077
3.637178
0.577029
0.014077
4.391535
3.588227
2.783998
4.435335
1.675704
2.634754
6.637310
5.343175
8.417111
2.421016
0.489833
5.303396
0.863315
0.179862
1.305383
0.313716
5.354882
0.152087
2.944995
4.176080
0.311902
0.570521
3.812007
1.527578
9.898727
0.965794
4.975613
2.189263
0.498852
0.366721
2.231623
0.231897
0.002516
1.102507
0.001233
1.681524
0.339054
6.671652
1.384199
0.304131
2.195439
2.522540
0.146296
0.034165
3.246180
1.596546
0.353741
2.648316
1.951648
5.398969
1.883439
2.917878
0.399199
1.237452
0.717982
0.381966
3.720633
0.493150
3.655072
0.134693
0.975714
1.433001
0.383793
0.979814
5.476431
0.385287
6.244175
0.191371
0.300806
1.215447
0.528761
3.279877
0.377767
0.721525
3.462592
7.364110
3.831242
8.407032
2.467503
1.292023
4.997611
0.767931
0.557802
0.207964
3.030211
1.574936
0.636590
1.959482
2.883884
0.237122
2.340563
0.324076
1.952846
3.995035
1.539658
1.635872
0.080712
1.357868
2.099122
0.394931
5.922803
4.277994
8.426196
0.256509
0.409337
3.302029
0.200081
0.077133
3.152024
3.259294
1.441859
2.482787
0.262146
2.830090
3.319117
4.667355
0.719330
0.171963
1.500083
0.135748
0.431818
0.490199
0.484686
3.402399
0.170466
2.789628
0.943831
0.258519
0.561979
0.052898
0.714624
0.429402
4.779108
0.672752
0.752554
0.196134
0.196969
1.051159
0.281386
4.360593
0.478517
2.070960
1.822660
0.817847
1.028427
1.047780
0.545446
2.435597
1.347382
2.907855
2.937100
2.306358
8.235959
8.393277
1.393923
0.135325
2.671772
4.209066
0.413258
8.039046
4.690980
1.335444
0.385364
3.348264
2.963584
1.342159
4.727668
4.028207
4.558339
0.075788
2.801209
0.234010
2.292220
0.866380
1.181376
0.175824
2.848828
2.308781
3.104957
0.574104
1.199676
1.632974
5.433035
1.141230
1.566022
1.144690
1.387281
0.657139
0.753453
2.322626
0.607855
0.492047
0.382441
1.150164
0.062208
5.868127
5.212386
5.515525
3.357357
3.472450
7.280291
1.673719
5.443336
2.133533
5.014164
0.957005
2.694446
2.265444
0.134502
1.502893
5.244810
1.451915
0.180582
3.950415
6.030285
1.984762
0.704986
1.200070
4.801588
1.888162
0.297308
0.376131
3.532876
0.748463
1.876975
3.927725
0.599515
1.531289
3.181733
0.150270
0.888771
2.939374
2.039490
0.693497
1.109844
1.632019
2.237462
0.362856
0.537465
2.681459
2.369898
0.355920
0.587358
3.033470
0.049183
0.459947
1.054858
0.775324
2.138028
0.769073
5.385965
3.167404
1.349332
2.865769
0.226267
0.209509
1.940781
0.911320
2.012542
1.080221
1.153760
9.982280
0.414832
0.161694
0.674358
1.899704
2.018306
6.414128
3.020304
4.097819
2.393796
1.282483
0.069491
6.087930
0.585884
0.120435
0.343475
2.180184
0.955422
3.368895
8.154780
0.748281
1.879319
1.283851
0.152683
2.519025
1.702768
2.372038
0.171504
0.465370
0.237300
1.470149
0.448285
0.711065
1.823578
1.335027
4.869986
0.532279
1.183140
2.352230
0.221399
0.311934
0.360377
0.299185
0.203549
1.085395
0.439752
0.587579
0.172502
1.721619
0.143034
0.135882
4.401866
2.268015
1.550478
6.582914
1.003290
0.238880
2.142183
1.294989
0.771853
2.932815
11.738304
1.472018
0.141804
1.809565
0.016056
7.910756
3.532627
1.212244
2.231764
5.431067
1.827340
3.631213
0.151111
2.379595
0.591650
0.629842
6.002848
0.827152
3.759000
0.038984
1.036383
2.668419
2.391759
5.758026
2.404177
0.193085
0.116090
0.882599
1.681778
0.945043
0.269457
1.668721
4.556760
0.432569
0.351609
4.719277
0.385574
9.262171
0.892836
3.764017
5.156313
6.390026
2.310219
11.525639
2.126980
5.662454
0.621249
1.857916
0.656392
0.242855
1.958133
2.305176
3.807328
0.776923
1.977677
1.598850
1.068629
2.306458
4.754884
8.102838
0.125786
0.067650
1.590139
6.364401
0.516901
2.473461
3.990957
1.031995
2.407439
0.507554
0.577529
1.956386
0.404646
5.491136
1.939741
3.639333
4.188667
4.376352
1.170219
0.340690
0.004452
0.139329
3.675285
3.837396
0.985952
1.265230
1.033736
3.250355
0.332542
0.744526
3.080996
0.481951
0.843452
0.813459
0.379042
1.696512
0.089668
0.074773
7.372506
2.723343
0.604458
0.511709
0.917029
1.173975
0.352362
8.956339
0.662350
0.078275
4.183429
2.581063
0.433844
4.219774
3.142060
0.072945
2.633166
0.400229
1.404838
0.291358
8.332066
2.144706
1.182597
2.941196
4.110460
3.125854
0.220495
0.091212
0.899829
0.320881
0.169543
0.822719
4.451238
0.837432
1.655630
0.601609
3.084579
2.578558
0.571164
0.140908
2.878648
0.266944
3.149156
6.336342
0.007406
1.759311
10.145447
2.660937
2.908608
1.379701
4.099169
2.779990
0.339553
0.764289
1.472675
0.056970
0.228761
1.964450
0.150880
1.271262
2.972271
0.334336
3.296881
2.191757
1.370561
0.926127
5.194760
0.663018
0.200034
0.382212
0.862150
3.905125
0.710217
0.308856
3.385743
0.720790
2.605150
3.318772
0.077993
1.364835
0.736608
4.803868
0.563479
1.248138
0.515110
2.910561
1.355821
0.816365
0.995780
1.664763
3.275072
0.362907
2.538306
1.899653
3.563979
0.484096
8.250322
2.831270
1.374895
0.164628
5.352621
3.758978
5.532646
0.522953
9.297597
2.797679
1.521505
2.535928
1.655008
1.692275
0.479568
4.095176
1.309347
1.227681
0.816521
2.458234
0.510809
3.514918
0.087051
1.922499
0.996824
3.769502
3.060589
0.236297
1.237285
1.910194
0.790289
1.178165
0.931876
3.469541
1.485436
0.723769
2.222734
1.237149
1.525952
2.165388
0.482628
0.137433
0.955795
3.003553
2.028577
1.798456
2.089500
0.250510
0.106482
8.198434
3.487963
0.649371
3.331295
4.046405
4.504365
0.454899
2.516871
2.268636
0.756302
0.390149
0.695101
2.050484
1.947791
2.193453
1.250415
0.316988
6.991541
0.291765
1.872273
1.399933
3.189679
3.454924
1.687041
0.389532
1.830238
0.464233
2.940129
0.569376
0.785712
3.451243
0.525759
0.325158
0.208906
0.086018
0.035961
10.236507
0.563491
2.646426
2.231754
1.643814
4.837077
6.760199
0.450536
1.524305
1.999309
2.196508
2.278312
1.840939
3.241888
0.678712
0.222011
1.829318
0.233149
2.247076
2.995076
2.472765
4.274459
1.581119
6.307969
0.463594
0.918829
0.417702
0.883047
1.260456
0.524239
0.939251
1.238096
1.292968
0.229667
0.287545
0.074413
0.039250
0.210435
0.544196
1.609377
2.632528
4.702873
0.529712
0.811529
2.455546
1.469834
1.154639
0.731727
1.991159
0.240884
0.172690
0.831206
10.803008
1.983816
0.705867
0.452254
11.965677
1.330519
1.638904
1.251007
2.520670
5.438951
5.222337
0.427764
0.087018
0.124744
0.520340
0.128031
0.349512
1.259593
1.907894
4.455010
0.930646
3.760738
0.511684
0.164859
0.917481
2.183281
0.973977
12.890126
3.008410
1.263158
0.826398
2.968223
0.204907
2.020355
7.432860
0.199328
0.259547
1.531463
1.641354
3.642128
1.266352
1.332690
0.062369
1.433540
1.583217
0.601622
1.705143
2.456686
2.597171
0.417656
1.829712
0.208833
0.073186
3.487785
0.392695
1.034534
1.344714
1.659307
1.029212
0.622044
0.065146
2.699797
0.082892
0.277210
0.945067
0.032824
0.507944
1.379445
1.602732
3.066369
0.820246
0.041184
0.630985
0.914994
1.518806
3.401519
1.971908
0.223511
1.487525
0.873909
0.696853
0.265015
1.207159
0.801354
5.962284
1.996211
2.648413
1.155218
0.434379
0.292944
2.448784
0.515652
4.190874
2.746063
0.882283
0.584887
2.878886
1.739696
2.787423
0.754410
0.908694
0.184842
0.814751
2.019601
1.215456
4.029708
1.207211
0.171835
7.179678
7.619058
1.146570
0.620127
0.215048
4.405095
1.816314
0.105136
1.471699
0.803104
1.346577
2.518437
1.258353
0.436399
5.743302
0.843045
5.718815
0.713616
1.820198
2.445887
4.258573
0.859607
0.040124
0.565298
1.151232
0.875361
4.272850
4.470877
0.499817
0.816199
7.408783
0.430165
0.750634
1.061085
1.232834
1.071855
0.716761
0.117077
1.255033
3.453007
0.980665
6.249645
1.545328
3.855802
0.329962
1.314068
0.442540
0.199171
3.043829
3.179420
3.223131
2.174065
0.314192
3.432790
4.793788
1.749433
0.384150
3.130112
1.292812
1.007975
0.269375
1.200988
1.780312
1.155853
3.978084
0.101604
3.845741
0.359130
0.224974
0.771022
8.604386
1.362313
0.645796
1.487534
0.857003
1.117382
0.012627
1.583792
1.479766
3.102336
0.840234
0.780923
1.198527
1.340457
0.309901
0.891899
0.148215
0.766324
0.326704
1.585947
2.504790
0.647914
13.741123
0.723630
2.515157
3.962970
0.871195
1.685484
0.053719
1.230569
4.403103
0.026096
6.135810
0.361416
1.542837
0.719063
1.799672
1.570247
3.781107
0.247035
0.806744
0.426490
1.157671
3.053143
2.281685
1.749299
0.307479
2.787673
4.631126
0.694050
0.711582
1.911467
1.687619
0.708622
5.028065
0.672594
0.349847
0.635405
3.862880
0.414002
2.631252
2.728512
0.446148
2.311478
4.810350
2.675677
8.712246
1.398789
0.661247
3.618020
1.931529
1.901045
0.057263
0.121108
1.008964
2.466638
2.053043
1.547354
1.234426
1.566312
3.566376
2.853695
0.345159
1.027759
0.120092
0.161482
2.325781
0.493739
0.860791
1.563867
1.040872
0.169900
0.676291
1.861200
2.910147
0.437952
0.840967
2.803131
2.406432
1.960566
1.783062
0.768623
0.544289
1.925707
0.949110
2.012637
0.791646
0.039563
0.380201
3.096953
1.653932
0.010070
1.585333
2.554048
1.044623
1.860995
3.205931
0.198030
3.479093
0.321393
2.025328
0.523089
0.522446
5.145081
3.613602
11.314448
0.256389
0.394689
2.774963
3.430603
3.258131
0.831847
0.299720
0.086114
6.362549
1.455516
2.257612
0.671901
1.538314
3.790306
0.151107
0.208993
3.858283
1.935872
3.433559
0.606483
0.511789
1.930214
0.879647
0.102958
2.917790
9.812492
0.657883
11.902891
4.960040
0.246905
10.200811
0.074523
0.699763
2.726737
3.885163
0.208757
0.176507
10.963483
0.304576
0.087776
1.438355
3.405737
0.795828
0.101416
2.202498
1.025155
0.321902
1.477425
0.042823
6.948976
3.063571
0.567274
1.773852
0.300949
0.705184
0.878831
0.283819
1.722899
0.870771
0.099554
2.365644
0.852021
0.177957
8.986465
0.191025
5.687783
0.184080
0.386112
5.549636
0.520627
0.493088
1.197444
0.096343
1.582770
1.386016
2.507546
5.906623
2.091640
0.540590
6.948640
1.922674
0.041827
0.486634
0.460585
0.349652
1.439447
1.647813
0.692592
0.189862
4.913114
0.834839
3.066355
0.605350
1.111612
2.965318
0.868513
0.918338
3.945096
1.500782
0.730079
0.188815
2.743372
2.823776
0.294955
0.693745
0.592094
3.816931
0.551343
4.704475
0.185411
0.471330
1.478226
0.231348
1.110015
2.605094
0.628411
5.595245
0.683424
1.652571
0.060113
0.455602
4.678157
3.361444
1.250522
0.800877
1.767296
3.397982
2.395751
1.187058
0.846088
0.008008
1.543141
0.191417
2.856844
2.246824
0.970237
0.033399
1.495307
1.963331
5.086887
1.909345
3.606876
1.173497
2.576856
0.605457
0.377554
10.207864
0.446901
1.237846
1.625011
0.522353
2.188404
1.231775
0.089190
0.278689
3.119511
1.990358
5.882627
1.338775
0.162351
0.691057
1.354444
1.912569
0.967151
0.581472
0.686427
2.920320
0.626267
3.396945
0.998830
0.422065
1.131616
0.518533
2.010898
0.340142
1.345055
3.281327
0.325796
2.341261
0.622924
2.452283
5.043560
5.400694
0.364042
6.609895
0.129908
6.257554
1.801040
0.020289
1.174717
2.227105
0.719780
5.503384
0.677366
2.314637
0.417661
1.724576
1.208343
1.222451
1.004532
3.749246
2.085789
3.508247
0.155858
0.661698
8.189042
1.662765
0.183869
0.286952
0.587083
0.878436
3.668115
0.382479
0.680134
0.013349
0.295525
0.865159
6.587248
2.626130
0.896516
1.045416
1.030389
2.178355
0.840957
2.341766
0.859041
1.517440
0.623163
3.245572
9.028691
2.172701
2.095301
2.024591
1.344711
2.576224
5.009466
1.280471
0.681497
0.012313
1.865298
1.566774
0.897572
1.183805
2.526095
2.098929
1.207997
3.856164
0.002084
1.076597
1.761745
0.899780
3.467132
8.878348
0.052295
0.364517
2.267037
0.939967
2.396969
5.830642
0.391153
2.325650
1.874863
3.507523
0.783166
0.205978
1.601855
0.554980
1.691173
3.663285
0.571247
0.390047
0.965752
1.883483
1.955858
0.211171
0.602012
0.160879
6.192246
0.604829
1.360654
1.554600
1.952453
0.762214
1.503880
2.094386
1.321397
0.462982
0.048721
0.401440
0.330843
0.450556
4.069038
2.861172
0.058001
0.429535
3.913657
1.733438
1.143940
1.122094
1.087804
2.304293
1.865721
3.244184
0.696547
0.523988
4.660272
1.614966
0.735684
3.896732
3.374682
3.232141
1.014490
1.153430
0.251620
5.218135
0.182779
1.841235
0.285541
0.236225
3.061120
0.672375
0.751161
2.115951
0.094900
0.836170
3.743074
4.708519
5.085887
0.661738
0.814207
0.833720
6.747723
5.660374
0.309572
0.601770
0.376234
0.094433
3.362488
1.304993
4.678754
1.982281
0.658614
0.717526
0.138928
1.017640
0.517171
0.335522
0.001045
0.895402
0.618079
3.065954
2.079263
1.730045
1.148774
2.360234
5.067814
0.665535
1.821579
3.690536
1.663733
5.382924
0.403997
1.512203
4.130547
0.789956
3.124572
0.091457
0.931782
1.853700
1.484484
0.646029
0.530663
3.264724
1.723117
0.713792
0.454625
3.273146
1.212467
0.455937
0.363663
2.549125
8.838796
3.349804
0.711649
1.106453
1.408136
0.497067
2.461810
0.217898
0.128167
0.636930
0.072171
0.562014
3.251565
4.786305
1.693912
1.800766
6.130487
5.754349
0.440764
1.297542
0.496264
1.127174
0.662139
3.191464
2.626018
1.327849
1.845594
0.410581
2.336076
2.929397
4.729687
2.260095
1.742280
0.459935
0.214927
0.181943
1.108499
3.320016
0.421888
1.337182
0.172419
0.511393
2.637621
4.340319
0.288391
0.724319
1.305649
0.183439
0.568802
2.261533
1.664595
1.259512
0.228691
3.751973
0.614459
3.653212
0.806842
4.036501
0.049877
0.042433
2.021008
5.337647
2.394491
0.490498
0.292612
3.217534
0.726096
1.649263
1.881824
1.364919
0.100847
2.357432
2.547720
3.043954
1.726292
3.855598
0.178862
0.118638
5.700533
0.810182
2.654603
1.414989
3.222502
3.701217
0.873660
0.134162
2.290776
2.316011
5.376280
2.451958
2.454352
1.678462
2.027785
1.037903
3.078403
2.968280
0.458126
0.188390
0.815655
3.368861
1.756652
0.969275
1.413585
0.727032
0.362563
0.177539
0.347051
0.578963
0.307555
0.214003
1.756220
4.196764
1.876040
0.971599
2.547387
6.567713
1.194493
1.028674
2.090548
0.961459
0.229998
0.877895
5.976527
2.739496
2.855410
2.656601
1.464324
6.696992
3.485567
3.848820
3.022017
1.053536
0.543927
0.673994
2.505360
1.034752
0.927352
4.136075
2.129964
1.441323
7.381104
0.548080
0.991595
1.752408
1.958958
0.235583
1.580005
0.154126
1.439894
0.432735
1.217010
1.944954
1.596332
1.039939
0.916731
0.742091
0.302889
4.357475
0.642754
6.733693
2.700726
0.111370
0.939979
7.723766
0.831795
0.186981
0.965413
2.484628
6.583943
0.077804
0.509409
5.556772
0.651055
1.913025
1.474202
4.652666
2.595747
0.140109
7.502805
0.549163
0.608214
1.132506
3.960493
3.343310
3.638010
0.521817
0.260335
7.665245
0.247647
1.011351
5.759421
3.894276
1.199551
0.767917
3.619315
3.133879
1.048813
0.494818
1.396729
0.926971
0.595018
2.599912
0.738578
1.532243
0.840830
3.547154
1.150851
0.145386
4.564241
1.069040
0.742776
0.349065
3.746821
0.377940
7.166500
2.305381
1.027784
0.198020
2.172743
1.460874
1.351277
1.864893
0.941991
5.702692
5.187226
0.476284
2.645142
0.810962
1.128060
0.538774
2.436528
2.332213
6.626853
0.026234
0.506200
0.732973
3.706926
2.164361
0.946251
2.703700
0.156342
2.324203
4.633152
5.091734
3.923109
4.136673
1.861839
0.605449
6.875966
0.624962
3.023706
1.228816
4.155376
0.337118
1.025898
3.219187
0.914658
0.289643
0.286298
3.200126
0.927171
3.635781
1.333160
0.814687
3.803103
2.476772
2.051200
2.368142
0.928178
0.037075
1.142597
1.182938
2.445216
0.820748
0.917989
1.664355
0.471956
7.290893
3.498511
0.392206
0.554831
1.860757
2.027320
0.248953
2.860193
0.078280
4.979573
0.273340
0.380403
0.103529
5.203554
1.571328
4.379933
1.063407
4.220088
2.684500
0.261459
1.468714
1.133778
1.361795
1.546776
4.048710
5.637643
0.559671
0.457616
0.737510
3.310869
1.071333
0.663394
2.016196
1.796869
1.487012
0.550672
0.522483
2.052195
0.002797
0.624740
1.635922
0.276547
1.164989
1.878693
0.113136
8.492115
1.375111
1.259948
3.996782
0.538215
1.782901
0.971073
2.209169
0.174991
5.132737
1.538210
0.048792
0.366110
2.702560
0.808449
7.481927
0.338760
1.907990
1.890185
2.761464
0.300150
3.821620
7.680387
3.036945
3.840597
0.566848
0.829889
8.099843
2.331403
5.941686
0.076596
2.241566
1.180951
1.406267
1.546210
2.290623
0.199437
5.129336
0.863187
0.393696
3.744741
4.362491
0.453263
0.027223
1.978747
1.532688
9.168360
3.064978
0.325254
1.838311
1.521175
0.683428
1.207285
1.431271
0.146007
0.732356
2.836961
1.055353
0.682719
1.181956
0.888720
0.791339
0.256099
3.266456
3.564480
2.149474
1.333311
5.224943
1.742959
3.629285
0.222604
1.116915
2.576181
0.736677
1.164744
0.868944
3.708224
1.128509
0.293282
10.071910
0.065791
2.211300
0.665216
1.329290
0.397202
0.871904
3.142017
5.562580
2.882574
0.169725
0.969848
0.260542
1.048943
1.404159
5.230334
0.548535
0.356003
1.066898
0.364287
2.730839
0.576766
0.634496
0.379020
7.356149
1.734843
1.904165
0.792382
1.101126
0.092674
1.245445
1.078707
0.161639
0.284331
2.406771
1.656486
0.749810
0.109282
0.878090
0.577197
3.391648
1.147920
2.015404
5.583774
3.726618
0.300226
4.012962
0.177035
0.720356
0.654123
0.578650
0.096646
1.507859
1.480817
0.496435
1.403223
0.217505
3.590007
3.559696
1.494880
4.226456
0.698702
5.739877
6.283486
1.115055
2.060718
1.467840
2.694319
2.383405
4.164085
9.357469
1.438359
0.748032
1.965140
1.201292
0.341282
2.896692
0.762760
0.553059
0.139749
1.812890
1.357778
0.243575
0.268271
0.032057
0.814352
1.987113
0.253278
0.368678
1.236372
2.073366
0.097328
2.820625
1.776712
0.008601
0.404991
0.527384
1.485800
5.136544
5.264570
1.020293
4.907777
1.162977
2.486999
1.551726
4.460104
4.057536
0.726924
0.470328
0.233273
0.931144
3.275688
1.847190
1.334520
5.351055
1.928923
3.444770
1.645929
2.676989
9.152473
0.044390
0.966197
0.075830
3.009109
7.136823
0.084764
6.498341
0.455280
1.668336
4.317415
0.282379
6.725310
3.204597
1.700115
2.260104
0.825767
1.251301
1.577053
2.060014
2.245681
2.131771
0.030673
1.308803
0.598129
1.394741
1.059937
4.196023
0.781550
7.168932
1.909334
0.751348
10.299539
12.629481
0.862733
2.957548
7.012446
0.994752
2.643087
0.381302
6.323110
1.923635
0.728419
5.127823
1.076974
4.205239
1.832484
2.809976
0.839992
0.314399
1.013752
0.035506
3.229343
1.064933
1.377686
0.122756
4.929085
4.798627
5.523918
0.544719
4.265149
1.605441
1.604111
4.169592
1.597382
4.645021
2.086832
1.468240
0.695851
0.959388
2.366064
0.579338
13.500857
13.635560
0.383498
1.072967
4.187402
2.978572
0.372247
0.496206
5.049784
1.676135
0.541825
2.552922
7.854233
2.657259
3.032890
4.512393
2.067784
2.527031
0.286982
1.492455
0.627322
2.312050
1.026709
3.422007
1.769769
0.101042
0.829177
4.258722
1.125268
0.067195
0.284454
1.121163
0.064933
0.733628
3.719931
4.787539
0.170087
0.028504
0.274931
0.002924
1.742661
0.910631
2.563420
1.650639
0.212749
1.398117
1.221870
2.735274
0.497662
1.787242
0.632547
1.344814
0.646187
2.233484
0.738760
3.980399
2.559704
2.089527
2.728428
0.330256
2.286787
4.191046
1.741383
2.498008
0.406818
1.109067
1.945324
0.617357
1.158962
2.775473
0.621339
0.043298
0.246851
9.109297
1.750880
0.489308
1.356237
0.082641
6.557067
2.494576
1.995581
0.531728
0.451892
4.758945
4.731304
1.431096
2.945731
1.977903
0.347043
1.447836
3.030516
3.672243
0.995638
0.897538
1.613865
1.716990
3.095242
0.386441
3.687586
0.515101
5.209007
0.230435
0.571299
0.086175
0.206968
3.565148
0.600042
1.786802
4.115731
0.500808
0.723248
1.400668
1.213829
1.409203
1.058594
0.895959
0.033825
0.401086
9.040852
0.387343
2.387151
2.933830
0.033553
0.186446
0.280711
1.689857
2.188506
5.006885
2.741722
1.414469
0.313903
2.230532
1.913299
1.000855
2.505937
2.504449
0.511137
7.264367
0.727314
0.205832
0.433964
1.874651
1.839483
2.099790
0.242123
0.024872
0.022339
0.280343
0.431523
0.000446
0.733053
4.431664
2.935767
0.781642
7.818754
4.615958
4.486947
2.072162
3.415591
2.043427
0.330107
6.647897
0.748498
2.921809
0.885456
0.053794
1.315968
1.750498
0.000161
3.092700
2.285375
0.434163
1.006052
0.663734
3.730742
1.423936
0.698481
3.879621
2.043932
1.342181
3.882730
5.873997
0.955382
1.967424
0.630721
0.891741
1.495702
0.359174
0.009805
0.847316
3.263440
0.341677
0.740221
0.247958
5.180961
2.199587
0.308962
1.045532
0.576170
0.309149
0.431585
5.357215
0.826056
1.780268
0.480983
0.405500
0.207882
1.420729
0.081199
2.685206
11.892263
4.532090
2.315517
0.946965
1.477787
6.260104
2.670470
0.100430
0.257188
2.707998
1.002832
5.182573
4.582039
2.432561
0.085142
3.472869
0.926389
0.408688
0.525262
1.940606
0.795108
1.107020
1.607590
2.195594
0.029153
2.905994
3.793070
0.240255
0.642248
4.409077
3.821459
0.635048
3.083344
1.543679
2.095198
0.737307
1.362921
0.975927
0.884186
1.907942
0.273747
2.785733
1.552484
0.054241
1.215067
1.742376
3.802372
3.497826
2.907980
0.170207
1.185044
0.198320
1.413091
14.982031
2.860885
1.472633
2.901227
1.886858
2.011983
0.082145
1.387926
1.332410
0.748779
0.674823
0.048962
6.514825
1.806353
1.460893
0.854308
6.074348
0.285658
1.290834
2.432545
2.235381
1.395565
0.346267
0.587432
0.870573
8.400976
0.042193
1.140103
1.131551
0.244963
5.665808
1.129587
4.176155
1.240848
0.439041
1.334117
0.203184
0.541876
8.715359
1.749086
1.595360
0.639245
1.868559
1.431356
4.054404
0.268063
3.914823
3.433225
0.598255
0.813931
1.484648
5.361870
3.623658
2.297507
0.411621
0.420370
2.205120
0.463582
1.956702
0.210856
0.777706
1.665866
1.516793
0.441894
0.055794
2.608907
2.310524
0.265037
6.763708
2.230806
2.455581
1.449866
5.829916
0.754315
0.054295
3.364987
1.158314
4.335393
2.012521
2.395746
0.496645
0.344925
1.986697
0.116396
3.682467
3.382143
0.564998
1.424083
0.045650
4.083092
1.880240
0.845423
1.143276
0.303978
1.566027
1.243185
4.075545
0.517537
1.768736
3.612085
4.609477
0.696523
0.865693
3.741720
1.874405
0.950024
2.158202
0.098186
0.612185
0.697741
2.741407
1.321644
1.206341
0.942368
1.553536
0.697141
0.424940
3.085547
3.255837
0.481550
2.136466
1.065738
1.636124
0.192548
1.615246
0.214474
1.617998
1.102478
0.800016
0.305653
0.600755
0.522471
1.144718
1.887331
0.157890
0.090173
9.005941
2.663675
0.193005
0.582324
0.061999
3.641109
2.664968
1.321163
0.481091
0.646726
3.007933
1.039116
0.129081
1.741752
1.930952
2.537993
10.404741
0.391815
3.328541
1.590713
0.655895
0.909419
7.175852
1.879551
1.414853
0.527426
3.654999
5.725768
3.698023
4.932424
8.682726
3.562011
2.105954
0.164533
0.175777
2.289058
4.978738
3.433108
0.360828
0.280454
0.203190
5.723397
1.535980
0.346580
1.485699
0.337437
4.207350
1.462696
0.810426
2.333766
0.139386
1.897444
0.111093
0.080945
0.502183
1.647062
0.633454
0.126377
1.402427
0.242252
7.486904
1.350607
5.823111
1.974661
1.687809
0.060394
0.739394
1.334996
3.795059
1.285409
1.923876
5.862366
1.078999
0.334244
0.223590
5.667354
0.739686
8.241192
1.232165
2.056248
2.232102
1.498436
0.588976
2.592622
1.673704
1.296868
0.678180
3.645245
1.545981
3.136579
6.093052
1.445965
0.664235
4.567236
0.306600
3.828785
5.257489
1.199983
0.829753
3.009187
5.188961
6.313043
2.578760
0.837938
0.236059
3.547811
0.666696
1.091136
3.365051
2.720653
0.129739
1.333109
0.631305
0.765150
0.479019
3.635575
3.169816
1.388568
2.254110
0.811139
0.691093
1.980361
3.769069
1.710220
1.495526
9.256419
1.114899
1.211762
1.164684
2.912664
0.528710
0.913707
2.577150
6.286489
2.468879
3.611721
3.094695
9.780714
0.591844
1.839014
2.662888
0.768283
0.183813
0.013226
2.025946
0.715625
3.718451
1.130900
3.232563
1.468859
2.898881
0.196396
0.322007
1.900723
2.207015
2.249625
1.850797
0.201026
0.277819
0.092167
3.968799
0.898809
1.061257
1.768003
0.767944
0.257411
1.098234
0.224183
0.240380
2.270730
2.457365
3.782973
12.115147
3.170776
3.872331
2.013099
0.201692
2.407617
0.137452
4.551724
0.497363
3.564207
9.381982
0.920527
1.177989
2.152431
0.090349
0.099939
2.810900
0.381988
0.196945
1.920905
1.535114
1.408595
0.456699
3.857960
1.968664
1.970716
6.475166
2.690762
0.728808
2.205622
1.776924
0.722082
1.244241
1.175615
5.547471
1.637978
0.311921
0.007995
1.219136
0.906933
3.612189
1.185651
2.644470
0.659288
0.224890
3.006829
0.799648
3.947958
6.052083
1.101009
1.301621
1.336312
5.286930
2.294751
0.837255
1.620247
0.739884
0.721343
0.698424
1.907025
7.070973
4.299190
4.993907
1.138501
0.794770
3.865303
9.973811
1.278575
3.921192
1.194175
3.626907
2.374434
4.542647
1.689667
7.438790
0.006366
0.855426
0.728588
3.994250
0.711906
2.608725
0.839084
3.091437
2.143201
0.051012
0.275979
0.478386
0.814159
1.130156
1.416495
5.952799
1.030134
0.991749
4.030134
3.622987
2.537996
2.559726
3.541131
0.424453
1.740485
0.655206
0.057064
0.646152
0.387595
1.825094
0.580257
0.395326
5.856198
1.629029
0.089218
0.564714
0.673185
0.976436
0.066777
5.741382
1.060235
0.352828
0.339389
2.739843
1.799916
2.178734
2.374212
11.019473
0.112152
1.649181
3.574056
2.969310
0.666782
2.171231
6.684237
3.999935
5.682838
9.858096
0.303371
0.250747
1.789383
0.997049
0.705326
1.543376
5.980276
0.833501
3.062765
0.537118
2.597267
3.392177
0.394123
0.298299
7.663615
0.815747
4.315805
1.696063
13.015008
1.731812
1.677251
0.108998
0.303775
1.022447
3.502695
1.104773
0.129173
3.131781
0.682407
0.008422
3.063702
1.123631
0.260296
0.940427
3.456453
1.086769
4.881371
2.957876
2.854527
2.385817
0.015339
1.335469
1.440062
0.412819
1.965345
1.352943
1.473935
1.427203
0.130860
1.467709
0.187419
1.994085
1.701874
0.523686
0.063538
1.019804
2.127225
0.197022
0.422785
5.760498
0.206317
7.330977
0.935872
0.497053
0.860149
0.436579
2.039259
0.608811
6.898314
1.019342
6.393282
7.448404
4.350804
1.278695
0.354352
1.435404
6.646019
2.302791
0.045005
0.055341
0.455683
0.236901
2.147773
2.998792
0.837321
2.339731
0.387608
11.530822
3.059458
0.913698
5.651814
4.264365
0.834466
0.755072
0.213996
2.346706
1.428981
2.699877
6.119915
1.303190
0.301763
4.865637
1.212669
0.053690
0.970882
1.919553
1.547050
0.857048
0.715712
1.645907
0.942637
1.404682
2.232971
0.069479
0.660653
0.029504
2.572786
1.223103
0.023153
1.415061
3.476995
6.083755
0.983883
0.361481
0.620418
1.346824
3.876164
3.003543
0.524752
3.312330
0.591566
0.926704
2.555536
2.480615
1.012727
0.223911
0.794179
5.495648
1.211907
1.980695
1.373536
3.547059
0.285728
0.371146
3.996243
1.070370
0.406720
1.774167
4.110365
0.435131
0.200270
2.382417
0.319821
1.322703
3.953688
1.070531
7.290191
2.528256
0.425770
0.457969
1.495819
1.187698
1.713630
0.570001
0.345155
7.209434
0.873608
1.331971
4.788036
3.304148
0.243851
1.040197
2.035623
0.569809
1.710907
1.398433
2.171508
2.845295
0.191195
1.528356
6.177904
0.412708
0.523846
0.215684
2.219155
0.192854
1.454304
2.066676
3.315561
2.465209
3.778860
0.819198
0.339845
1.104442
1.754475
0.756021
1.012124
5.560332
3.229000
0.730200
2.743362
4.949013
2.485501
0.972054
0.357558
0.674642
4.377804
3.498115
0.092602
7.738922
0.893655
16.195199
0.362050
1.786982
0.215006
3.614401
2.295811
1.928037
1.308121
1.355091
0.792348
0.797710
3.523097
1.320897
2.798694
1.063047
3.200531
0.325925
0.862375
1.828420
1.218530
0.203141
1.447058
0.367029
1.313698
2.270584
1.210202
0.922414
1.405320
1.383201
0.857288
4.006140
1.381986
1.443890
1.217079
1.836826
0.861814
0.298286
0.495617
3.545684
1.992249
1.581966
0.346475
1.228352
0.060880
4.867765
4.099059
3.522133
0.129464
0.500689
1.114806
1.463489
0.765598
5.703883
2.320495
3.214556
1.940119
0.302977
0.370360
0.268603
2.042181
1.458185
9.366902
0.298671
0.064730
1.183377
2.690826
0.962300
1.759735
6.391222
0.476713
0.486321
1.409062
0.927694
2.246431
1.534195
0.666600
1.579194
0.904421
0.849681
2.917211
3.131656
4.005804
0.178733
2.643659
1.604354
4.326641
0.874817
2.356742
0.111242
1.307722
0.806989
1.696125
1.272471
1.272545
1.850679
4.985717
0.472220
8.471465
1.396274
0.371129
0.440318
2.534131
2.248010
1.682131
0.998818
0.473130
3.823708
5.596486
1.708722
0.442091
2.451909
0.909931
0.130948
3.140552
0.208240
1.909154
2.260636
1.207255
0.734159
2.627367
5.410352
2.039216
0.721733
1.034561
0.233072
4.740254
0.774819
0.772231
4.452395
3.470862
1.345406
0.187898
1.561855
0.359921
2.148347
5.470728
0.941167
1.429207
4.146325
5.983774
2.468409
1.738505
0.757658
2.959545
0.932812
1.069624
0.979876
0.102201
4.040777
2.372140
3.037266
3.224258
0.812464
0.175296
0.457312
1.173422
9.302022
1.491345
2.889157
4.282804
0.859292
0.585596
7.164058
4.437951
1.084372
1.991755
3.502109
3.158658
0.304473
2.412095
2.722767
3.796222
0.660781
0.121691
1.948153
2.123238
1.282066
0.019686
2.434261
0.832996
2.437330
1.326829
0.304405
0.077939
1.682493
0.848022
1.315817
1.638670
4.098497
0.565312
1.166024
0.498023
1.386488
1.068756
0.236911
5.016086
0.091181
5.565045
2.492781
0.411054
2.036312
1.218176
0.073184
5.053875
1.447975
2.148169
1.707577
8.919849
2.206351
0.651800
0.798225
0.932214
2.879670
1.270777
1.057911
0.806517
3.384052
4.466980
4.435311
2.323246
0.299478
0.809695
4.760040
2.038395
2.747843
0.038692
1.631480
3.135197
6.306066
0.629825
7.565194
1.812766
2.591449
0.026509
1.451811
0.552786
2.226781
0.189314
0.522527
0.830246
0.919118
1.637452
2.491679
0.281909
0.059429
0.262680
1.244749
3.730355
0.032110
0.875359
1.519230
0.336823
2.325590
1.158226
3.160820
1.139299
1.227802
0.867104
0.511672
1.075853
1.945430
0.453720
0.024266
0.856174
0.487036
1.502288
1.781882
4.373004
1.927229
3.425741
0.516070
8.674309
0.951752
5.617930
0.252028
1.048284
0.129745
1.743251
0.583563
0.164025
5.503887
3.076298
0.532451
1.954126
0.509337
0.056476
0.119206
2.301440
0.954912
0.667012
0.209907
0.003173
1.333244
0.236876
0.861044
2.425990
2.042561
5.612239
1.785078
0.597769
2.847690
3.405492
0.562820
0.296706
2.833920
0.904103
1.578479
3.433637
5.815712
3.207690
4.587310
4.267434
1.754621
0.285056
1.407157
3.310194
0.350325
1.655873
1.356587
1.554449
3.749967
1.793717
1.561357
0.810538
2.433739
4.446353
0.073114
0.842307
3.559222
1.968510
1.842936
1.785685
1.174333
3.759172
2.606724
0.450416
0.474042
0.640942
0.044518
0.340231
0.151757
5.079557
0.077557
2.141048
0.110925
1.567128
1.255085
0.483206
0.224714
6.369690
2.812604
6.111709
1.600425
0.704390
0.674081
0.587697
0.417970
0.777266
1.824205
0.040178
5.924568
0.447254
1.885262
0.996474
0.097820
0.827342
1.803046
0.598858
1.898529
1.914550
1.072941
2.317016
1.540827
1.207445
0.840803
1.788721
11.282991
3.314260
3.277356
0.216791
2.921431
1.645216
0.114506
0.767494
3.897847
0.836386
1.703381
0.094530
2.179990
0.376586
0.136673
1.893918
0.930477
2.256819
0.008981
1.088586
0.030703
1.825242
2.269558
1.978844
0.483103
0.196766
0.754497
2.786799
1.583398
2.142799
0.839841
1.567799
1.257664
0.321898
2.077513
0.535015
2.471476
2.419650
1.612237
1.673816
0.088981
0.270995
1.899270
2.457196
0.708632
2.273698
0.769498
2.219519
0.878946
0.782707
0.188863
0.926798
5.112073
2.927360
13.953948
0.294635
3.965573
0.751777
4.391948
1.052693
7.066643
0.527022
6.099058
1.151005
0.957089
1.826213
2.231274
0.187951
0.714707
0.511606
2.137996
0.843160
0.869039
0.628779
0.105300
2.104055
5.949392
0.926188
0.774660
0.726425
2.371777
1.059483
2.250444
1.918989
0.396559
2.244703
2.803981
0.086179
8.813888
2.058042
1.200826
6.368943
4.147622
1.035143
1.008951
0.587694
0.005524
0.141856
0.844118
0.722609
0.696780
0.001905
2.083841
2.080314
0.631388
2.398046
0.705855
0.496037
0.143374
1.927313
1.485582
2.885332
0.060398
0.445376
0.958062
0.470450
4.144884
0.288919
0.580120
3.959983
3.002543
2.429370
3.435489
2.107933
0.226853
0.488498
4.730134
0.233042
0.671445
0.576328
1.066217
1.731933
0.578870
0.124698
0.512253
1.476420
2.845557
1.481852
2.707157
3.522086
0.305912
0.618225
1.792180
0.376469
1.252986
7.183812
0.959903
0.829998
0.226257
2.004613
0.450263
4.310361
0.819442
0.044733
1.533869
1.171799
0.545785
1.165439
1.612111
1.484692
2.355206
6.798724
0.218200
5.739874
0.054847
0.798911
1.252206
3.083627
3.829789
0.463901
1.904571
10.396942
1.280791
0.461292
0.363175
5.575920
0.393085
1.584793
0.651772
0.672059
0.397413
1.306704
0.371492
1.452888
1.393585
2.442109
6.426257
2.699114
0.317296
1.439611
0.614814
3.648818
1.306925
0.917757
3.046379
1.413719
2.390178
0.568212
0.692931
1.596862
1.211474
4.749419
1.572458
5.241289
0.239681
2.479168
4.015320
0.688848
0.596103
0.310526
1.719676
1.152317
1.953733
2.743088
6.172230
0.267818
1.200648
4.908919
4.019464
1.822951
1.114589
0.279960
1.148086
4.750356
1.380831
0.493697
1.068227
0.436201
1.254922
2.452627
2.740219
5.061034
1.901694
0.685999
3.762837
2.593085
0.001714
2.498802
0.036116
0.598413
3.891689
1.806084
2.385013
1.310334
0.833913
2.104571
1.862682
3.143478
1.664596
1.277130
0.989857
9.705988
1.845497
3.510569
4.589176
0.213405
0.093938
0.750866
0.705258
1.434623
0.039663
0.088077
1.132393
2.006001
0.811264
0.656857
0.891784
0.813836
10.002133
0.948483
1.797368
3.799617
7.173232
0.683390
0.804084
0.751594
5.636726
5.529951
0.223148
1.407397
1.051787
1.370200
1.376092
0.023230
0.780470
1.010483
0.239267
0.920852
2.473326
1.054984
4.255961
2.613376
1.206613
0.751546
0.900426
3.087717
1.798806
2.562102
0.257363
1.765986
0.210494
2.501017
1.148452
0.149891
0.006162
2.921232
0.973776
5.742521
2.441079
1.350767
1.190664
0.241855
8.685477
5.839893
0.268090
0.742421
0.839240
0.544153
2.273168
0.107544
2.088936
1.642002
3.043190
0.213214
4.131093
0.311307
4.370768
1.256362
4.025795
0.016692
0.108691
6.780315
2.559924
1.345728
0.078526
2.582173
0.595900
1.103179
2.207656
6.571672
4.930334
0.248908
0.159153
4.645667
0.130324
0.451148
0.476783
1.041038
1.160159
4.436350
1.225495
0.184817
1.200048
0.548286
0.419932
0.784464
0.968760
0.160151
3.129801
0.576218
0.178241
3.713063
0.488266
3.292380
0.811554
0.589062
1.519622
1.789072
2.273161
0.447902
1.613947
1.803252
0.764475
1.990052
1.370736
0.958497
3.570302
2.463381
3.088608
0.635938
1.829552
0.561226
0.894580
0.103840
1.325066
1.597148
0.940160
4.055629
1.972264
0.362897
0.252708
2.491313
0.019546
0.816880
1.465711
0.840954
1.785308
0.106190
5.450479
0.628102
0.581657
1.339889
3.984458
1.688047
0.252372
0.891650
6.022691
6.022808
0.140642
2.673593
0.505021
2.201022
8.034065
1.753148
2.530946
1.256404
0.287333
0.195097
0.815416
2.860967
0.599188
1.208530
1.281318
0.625606
3.110256
9.791016
1.892844
0.953719
0.090476
1.580824
2.092733
0.703620
0.070436
1.436509
4.028944
0.332474
4.113037
3.400737
0.219478
5.627051
1.618005
0.792269
1.869448
1.538725
4.835489
0.786678
0.006293
0.091462
1.083057
0.824884
3.274725
2.260346
3.135560
0.653019
5.823837
1.736574
0.632389
1.630636
6.417871
0.757586
0.219281
1.874972
1.892978
0.298042
0.257454
1.302122
0.689503
9.891863
0.701646
1.006824
5.402981
3.802116
2.564729
1.553929
0.979698
2.007497
4.010900
0.989979
2.267638
0.666872
2.606784
1.322157
6.466184
1.467453
2.873224
4.733038
0.211196
0.067839
1.246103
0.123355
0.857457
1.676524
2.206463
6.466041
2.448265
3.111690
1.156317
12.056952
3.045390
2.655759
0.998869
2.508928
1.761610
0.246021
0.588666
7.211431
2.766539
0.256512
0.902771
1.115278
1.034741
0.192242
4.841529
0.906619
1.891075
2.238127
0.631263
2.487804
2.453563
2.651277
2.952936
0.114047
0.718801
1.158779
0.032239
0.015848
0.519482
1.214158
0.010997
0.021364
0.421494
1.017022
2.584855
2.988399
1.444556
7.861220
2.759860
0.611958
0.212367
0.236798
2.349078
1.404999
0.454565
1.843536
4.067148
3.372999
0.644821
0.301192
1.495529
8.075689
4.145675
0.708023
0.077051
0.387356
2.678003
0.110567
0.406607
6.800878
1.421982
0.420091
7.567850
2.400384
1.773766
2.425780
1.286565
0.216101
2.297907
0.504216
0.911462
3.062843
0.814427
0.117493
0.680553
1.543524
2.153147
0.342904
0.869691
5.461767
0.705834
4.227432
4.982724
0.376364
0.390436
6.201996
0.854235
4.935806
0.017635
1.516790
4.272091
1.458052
2.553338
3.920058
0.487930
0.739513
1.650201
2.348313
1.060407
0.561653
4.901237
3.005930
0.058060
0.570723
3.598589
0.762635
3.084115
1.361739
1.287184
0.298613
1.119548
2.956491
0.036138
0.848882
5.746983
0.434451
0.715809
0.688114
0.234167
0.741081
3.459756
9.750826
3.511939
1.569337
3.814525
0.089462
3.832284
1.066561
2.653530
0.613978
2.146845
2.090668
0.085547
2.321673
4.539910
4.182319
0.007644
2.296085
0.924959
1.301758
3.445636
3.208317
0.576366
3.656986
0.312854
0.431031
0.070417
1.179977
1.327122
0.313507
2.815487
0.735414
0.295732
1.747256
3.813114
9.013713
1.968662
2.436382
1.029298
0.895629
6.920403
0.124715
0.018894
0.021007
2.750542
4.730740
4.359046
2.780955
1.777488
0.594614
0.521319
1.056167
0.115524
1.307208
0.574326
0.448617
2.239916
0.668727
2.080296
0.345596
1.121754
1.028004
1.256114
1.672857
8.329767
0.764810
1.622563
1.887218
0.044525
6.340234
7.133752
9.332601
0.037253
7.943370
0.002084
2.902162
4.365055
4.377546
1.454346
1.292802
0.313612
2.742287
4.349051
0.449428
0.512407
0.292245
1.028954
4.599619
1.089988
0.100030
0.120380
3.786872
1.198176
1.487983
1.076363
1.142412
3.697521
7.144174
0.094048
3.998810
5.315783
0.035700
3.864489
5.926856
13.535628
3.878921
2.503817
4.344756
2.726440
0.524726
0.899353
4.401761
7.540326
0.571377
0.189830
0.453719
0.970484
1.357451
0.216706
3.265481
1.559684
0.351336
2.122939
9.709589
2.316026
0.145667
1.115014
1.503495
0.086122
1.282250
0.998593
7.154760
1.350583
0.570622
5.061723
1.346069
0.220608
2.012711
0.943003
3.775692
4.008214
2.679592
2.678034
3.692487
8.625668
3.525722
0.092378
0.927427
0.774809
0.319933
0.386352
3.971246
0.739032
3.540575
3.860858
10.526596
4.604373
0.663349
1.481652
5.698324
2.817732
4.961566
4.910502
0.566243
0.359550
3.598389
2.666747
0.626629
1.266058
0.238353
0.250179
0.813647
3.800246
3.868661
0.388164
3.628675
2.303556
0.500896
0.466667
0.010245
0.922090
0.968281
4.047093
2.268316
0.480298
2.565514
2.236378
0.240835
0.010040
0.437329
0.114319
2.859131
0.239214
6.994216
0.014369
0.649447
3.262172
2.721816
1.580430
0.638489
3.874786
2.180307
1.870644
2.450874
1.465083
3.064492
1.568004
0.454403
0.011026
2.784910
0.467269
0.939603
0.290766
0.158440
0.109294
0.857872
3.207820
2.591515
1.240716
3.258247
5.120597
1.458813
1.662455
0.072186
1.336987
1.695603
0.750034
0.690066
0.757305
3.917639
1.665302
0.375402
1.479683
0.379045
4.199419
0.086075
6.274401
1.092674
0.563040
6.545284
0.378616
1.209223
0.821862
0.735695
1.509520
0.989078
2.137576
0.797280
0.247632
0.252995
0.284663
0.079928
2.024659
2.389049
0.155113
0.265117
0.626127
0.979916
1.075542
1.754202
0.565583
7.932609
2.814221
2.931831
0.333769
2.002925
3.334748
0.233738
0.110161
0.116577
0.150292
0.512520
1.428070
1.053096
1.526438
0.082086
3.213960
0.422460
0.920835
4.953056
0.739913
1.392890
6.208486
5.832509
0.443285
0.060438
0.145168
1.260701
1.079530
1.330923
0.105974
2.177945
1.258545
3.287623
1.133281
1.938977
1.157553
0.558976
2.626246
1.358517
0.714640
3.253305
2.539275
3.329765
0.478478
0.583121
3.807608
0.024714
1.171512
0.496869
5.269035
2.793098
2.557575
4.297805
2.397403
5.062079
4.887259
2.925719
0.982107
0.801761
0.587107
1.158303
10.136869
2.556037
0.565745
1.111225
0.837509
2.315453
2.217982
0.151939
0.393996
7.050800
4.184145
4.563100
3.040540
0.187176
0.326868
2.001228
0.214331
1.803259
3.825488
0.060649
0.851263
1.706401
4.889617
0.092208
1.363918
3.502144
3.358478
4.280815
0.340822
0.140576
0.777273
0.325955
3.114507
1.680528
1.719201
0.281792
0.586606
0.566789
0.457759
1.134833
0.490107
0.169253
0.803601
13.266857
0.373832
1.314259
1.994084
0.635209
0.157557
1.320803
0.719012
1.097741
0.118029
0.484745
1.260177
1.604502
0.085081
0.659620
1.138586
0.442117
0.857921
2.821943
0.857632
0.297233
0.784596
5.190933
0.628109
1.728826
0.377886
1.285274
0.023564
0.986965
1.620445
0.838921
0.982660
2.587266
3.477515
0.038811
12.272541
4.605503
1.396619
0.712824
0.778440
1.641423
1.447427
3.120059
0.236583
1.627019
0.146883
1.577719
2.813245
1.088158
0.718302
0.219074
1.631644
1.968221
0.059145
3.511763
0.458650
0.449555
0.717186
0.488332
1.787148
3.883987
1.638514
7.726191
1.746030
0.967402
12.657333
1.735700
0.666807
1.389458
4.239905
1.862472
0.125180
1.005102
1.007713
0.378051
6.061272
1.257018
2.530789
2.453431
4.347285
0.039596
3.326697
1.173837
2.075967
3.660623
0.632731
3.804420
0.083608
1.699828
0.139566
1.997995
1.121190
1.970451
1.887060
0.023013
0.020398
1.877913
1.790954
0.695335
0.232516
1.275614
4.597189
0.373686
4.028274
0.700261
0.839110
3.410572
2.871116
0.124885
1.488988
2.089697
0.167059
0.817507
0.193500
2.589020
0.385128
0.903303
1.719488
0.486949
5.496879
2.066399
3.765807
0.908585
0.631556
1.227198
0.944952
0.659582
0.139912
6.892210
1.709414
0.390376
1.158496
1.285640
0.854643
0.731272
2.935846
2.344993
0.265976
1.516925
2.780121
2.097073
0.396582
3.556612
8.409008
0.635144
1.628569
0.349255
2.018511
0.287217
0.944270
1.694845
3.009317
0.507677
5.516106
0.099821
2.296345
0.751215
0.799795
2.775386
0.660508
4.691059
5.253014
2.552650
0.950904
0.644314
0.055120
0.320320
6.752367
0.329061
2.276409
2.522937
3.231496
3.924741
1.587430
3.086643
0.282116
0.221599
5.858391
2.914039
0.545338
0.779845
0.826649
0.033402
1.584053
0.643546
0.134947
0.522361
1.774754
1.004587
7.844904
4.073136
0.710673
4.769257
1.785457
2.263047
0.404948
1.922822
3.491098
0.322956
2.933753
1.406626
4.017993
1.690794
0.906788
1.067898
0.883044
1.370727
1.462101
0.723384
0.610779
2.831465
1.969106
1.841180
2.972800
0.381033
4.188760
3.653475
1.032768
1.251422
0.532940
0.967502
0.814864
1.522782
0.688957
5.183376
0.472564
1.287580
1.565065
0.073106
1.955359
0.748249
1.557192
1.345488
4.286415
4.717934
4.674531
0.547992
1.026909
1.096382
1.566879
2.185691
0.395093
0.371603
0.619732
6.118300
0.840232
0.309354
3.141729
2.743642
1.875168
0.052802
0.278268
5.731887
1.637599
1.093938
4.052592
2.934848
4.526749
1.058423
3.273354
1.467180
2.567760
0.850288
0.019114
1.861597
0.580187
4.881863
3.734167
2.119062
0.815713
0.983989
0.765805
1.443849
1.633597
1.756908
1.259429
4.629021
2.603051
0.600564
2.085641
0.819883
0.672195
3.005021
0.655291
3.722037
0.443110
0.319302
1.903666
0.199042
1.635106
1.087185
1.906672
0.661259
2.902014
1.956645
4.365874
0.035253
1.539966
2.638889
2.222508
4.109964
0.258647
9.015091
0.975809
2.275536
1.704520
3.839340
1.738107
0.717450
0.239224
0.518040
2.030812
1.015600
0.011276
4.980874
0.555907
0.457192
0.133744
3.884724
0.710720
1.951946
0.645863
4.898138
4.701517
0.085069
1.543017
3.140368
0.121868
0.155196
1.487657
2.618435
5.858713
2.077028
2.538398
0.808903
0.787526
0.692016
0.411594
4.731855
1.802444
0.709745
0.288504
0.527075
2.387511
0.301535
0.322211
5.613097
0.844110
0.480281
3.181447
2.062176
3.623806
0.149875
1.628404
2.704637
0.241718
0.198960
1.524366
0.379794
0.371107
0.119633
4.664534
0.246425
2.435348
1.945023
1.190522
0.060029
4.915230
2.013433
5.488581
1.419723
5.415712
0.145220
2.693834
1.989799
0.471416
4.392074
1.687132
1.616177
0.215704
0.911565
0.440476
5.590372
1.153385
2.810377
2.280473
1.606316
3.785874
0.480605
2.582285
0.037809
0.634009
1.977551
0.289246
7.439078
0.574927
1.750455
0.010675
0.358725
0.491331
5.661429
2.232442
0.327714
0.022255
1.063567
3.040802
0.499628
0.716784
0.865268
2.986381
1.033152
2.526386
7.225113
0.838125
0.338014
2.601676
0.045705
2.459160
1.721086
0.538907
1.133481
1.811665
1.418049
0.125020
2.621973
1.321866
0.743380
0.752819
1.342591
1.287302
1.516416
1.124179
0.318259
2.295382
1.163387
1.639953
1.247269
2.170030
3.943095
3.377062
1.150545
0.613591
1.520538
1.056845
1.865531
2.329225
0.297376
1.983804
1.006843
2.512146
4.009896
3.522491
0.745099
0.934283
4.392230
